[
  [
    {
      "previous_output": "85f60568e52107c94f89e43c69d8e4385d800f3e911e5123c514008eb8335f82:1",
      "script_sig": "493046022100e25f00aec9f7a799c59e23806f42d565b25b378826a570aee88a8480bc7ef605022100e655f0819b20da59b88487c4be74bef7e89a8476760fdc13dd436473a10e14c8014104e5b0b776f183d59845bc63d074665a8062b77ee6c24e59507b6a4a02806720597a2d9ea9757b34c2e8b75875cb7071acebe138778f1472d10597abb48e22c51b",
      "sequence": 4294967295,
      "witness": []
    },
    [
      {
        "Some": [
          228,
          133,
          36,
          54,
          175,
          104,
          78,
          80,
          155,
          9,
          18,
          143,
          168,
          70,
          191,
          229,
          185,
          104,
          204,
          195,
          243,
          250,
          175,
          2,
          17,
          212,
          118,
          194,
          245,
          176,
          120,
          88
        ]
      },
      {
        "header_code": 126626,
        "amount": 1000000,
        "spk_ty": "PubKeyHash"
      }
    ]
  ],
  [
    {
      "previous_output": "c09d8df634a12333a6798c22c270fc040691f3e41e4d06f0ebe6a51a8537f394:0",
      "script_sig": "493046022100e3b5f4bbabf7e9f170e6131cd5ca5b80dbdad1e3172876283ce0ea0ea7824278022100c7112a49cae22ae75e76419021e5db7317af8c8195d1ea50c986ffa528f8a19a014104e5b0b776f183d59845bc63d074665a8062b77ee6c24e59507b6a4a02806720597a2d9ea9757b34c2e8b75875cb7071acebe138778f1472d10597abb48e22c51b",
      "sequence": 4294967295,
      "witness": []
    },
    [
      {
        "Some": [
          65,
          79,
          223,
          32,
          147,
          250,
          209,
          215,
          235,
          0,
          105,
          253,
          206,
          168,
          145,
          6,
          62,
          90,
          45,
          9,
          253,
          143,
          177,
          234,
          129,
          131,
          16,
          220,
          32,
          24,
          38,
          132
        ]
      },
      {
        "header_code": 126626,
        "amount": 1000000,
        "spk_ty": "PubKeyHash"
      }
    ]
  ],
  [
    {
      "previous_output": "131d786c8f1f476ee86f97d0e21fa23801579c937902180bc2a4fed8315acaf6:1",
      "script_sig": "493046022100ed263f9626891b90083cd3f6e6121cc9b14089f87962a6f4fa0ac3e5ee08f0cf02210084cd424ac01071e079bb78d9028feeadd06b121fcf6e50387e661df96b03de2e014104e5b0b776f183d59845bc63d074665a8062b77ee6c24e59507b6a4a02806720597a2d9ea9757b34c2e8b75875cb7071acebe138778f1472d10597abb48e22c51b",
      "sequence": 4294967295,
      "witness": []
    },
    [
      {
        "Some": [
          245,
          144,
          85,
          168,
          57,
          210,
          29,
          28,
          51,
          22,
          56,
          193,
          203,
          212,
          226,
          51,
          176,
          57,
          240,
          207,
          64,
          164,
          203,
          53,
          240,
          249,
          115,
          251,
          87,
          95,
          100,
          90
        ]
      },
      {
        "header_code": 126626,
        "amount": 1000000,
        "spk_ty": "PubKeyHash"
      }
    ]
  ],
  [
    {
      "previous_output": "9a35e426ebfc1cad924006cbeb17d760f1e228911e8faf212969bf1e42c130ff:1",
      "script_sig": "493046022100864151aa160c31a8a8a883ba0980ede082d46a9702aba26117ad497be14899bf022100897663db21c1e8f890e0eeddfd3795e1fa35e691bcd5afe39392ae44d70cd8a001",
      "sequence": 4294967295,
      "witness": []
    },
    [
      {
        "Some": [
          221,
          32,
          141,
          67,
          196,
          21,
          153,
          164,
          228,
          135,
          60,
          74,
          122,
          23,
          164,
          234,
          74,
          233,
          60,
          144,
          65,
          139,
          183,
          84,
          66,
          101,
          243,
          174,
          206,
          151,
          61,
          36
        ]
      },
      {
        "header_code": 126906,
        "amount": 5000000,
        "spk_ty": {
          "Other": [
            65,
            4,
            196,
            167,
            135,
            168,
            103,
            146,
            44,
            96,
            124,
            227,
            108,
            6,
            184,
            28,
            21,
            126,
            135,
            221,
            39,
            152,
            39,
            115,
            193,
            177,
            145,
            89,
            78,
            170,
            152,
            37,
            139,
            212,
            94,
            152,
            116,
            23,
            112,
            9,
            51,
            121,
            194,
            34,
            69,
            211,
            133,
            251,
            188,
            48,
            218,
            181,
            238,
            95,
            195,
            34,
            172,
            251,
            236,
            253,
            84,
            10,
            185,
            223,
            151,
            84,
            172
          ]
        }
      }
    ]
  ],
  [
    {
      "previous_output": "c0e82c5537dacb3ea65b8bfaaf5ffb6450baafb501a15f0d61bf1dc019f01567:0",
      "script_sig": "493046022100ecfed84a6079f66b4834449ed705bf50f63cbf9bb94267d511f5adc50edc5483022100b4879e1995046380f935eed28ef951750590a5dc4c1c9664b8591396c63945c001",
      "sequence": 4294967295,
      "witness": []
    },
    [
      {
        "Some": [
          223,
          42,
          9,
          229,
          171,
          31,
          226,
          145,
          26,
          50,
          106,
          70,
          7,
          236,
          31,
          41,
          156,
          170,
          56,
          204,
          208,
          166,
          36,
          6,
          217,
          9,
          15,
          164,
          141,
          215,
          215,
          49
        ]
      },
      {
        "header_code": 126906,
        "amount": 1000000,
        "spk_ty": {
          "Other": [
            65,
            4,
            101,
            144,
            114,
            68,
            105,
            212,
            228,
            121,
            239,
            96,
            60,
            94,
            5,
            69,
            53,
            16,
            68,
            100,
            103,
            115,
            154,
            31,
            8,
            92,
            61,
            32,
            151,
            247,
            10,
            88,
            125,
            127,
            131,
            43,
            134,
            111,
            157,
            171,
            166,
            23,
            60,
            190,
            156,
            187,
            217,
            223,
            87,
            133,
            13,
            7,
            99,
            21,
            73,
            220,
            170,
            244,
            149,
            51,
            9,
            19,
            248,
            70,
            48,
            125,
            172
          ]
        }
      }
    ]
  ],
  [
    {
      "previous_output": "cfb7f8c3195f0d6696978a8ea9946847ce7875093748ebcf542abb0f5c7e8f0b:1",
      "script_sig": "4930460221008c85c0bd134861a7fab4f7b18d8ccdac6342c009e099c3ac0e20e3c603a18e86022100f3783d83d9267131a828f958f3c051eda9c69e041782267073648f7927398d8c01",
      "sequence": 4294967295,
      "witness": []
    },
    [
      {
        "Some": [
          185,
          147,
          173,
          209,
          120,
          94,
          42,
          198,
          5,
          60,
          82,
          98,
          18,
          221,
          54,
          204,
          142,
          132,
          68,
          35,
          194,
          77,
          232,
          140,
          245,
          64,
          77,
          200,
          133,
          238,
          66,
          64
        ]
      },
      {
        "header_code": 126906,
        "amount": 2000000,
        "spk_ty": {
          "Other": [
            65,
            4,
            154,
            191,
            4,
            62,
            63,
            3,
            14,
            80,
            200,
            148,
            19,
            138,
            119,
            192,
            95,
            77,
            254,
            126,
            118,
            233,
            207,
            11,
            190,
            69,
            134,
            116,
            109,
            245,
            145,
            22,
            9,
            153,
            152,
            124,
            174,
            101,
            43,
            132,
            8,
            210,
            8,
            151,
            206,
            56,
            142,
            55,
            132,
            207,
            70,
            92,
            219,
            125,
            31,
            86,
            76,
            62,
            240,
            211,
            189,
            165,
            28,
            17,
            212,
            144,
            172
          ]
        }
      }
    ]
  ],
  [
    {
      "previous_output": "18846094ea62026ce838fba86261d64d63f99f150cc54637e7df91ef4049520b:1",
      "script_sig": "47304402202e2c093fa43acaf0c576cb2b7ab4124f65cacd12c0d1112160d0f38e55460e5902207c36d51b558fe3c32d834fa514c411977c6db2682a43c92a06c8cd8700d4441f01",
      "sequence": 4294967295,
      "witness": []
    },
    [
      {
        "Some": [
          213,
          100,
          229,
          227,
          31,
          71,
          153,
          97,
          69,
          151,
          245,
          23,
          31,
          28,
          201,
          50,
          234,
          194,
          58,
          134,
          86,
          221,
          34,
          211,
          94,
          202,
          203,
          170,
          73,
          56,
          62,
          224
        ]
      },
      {
        "header_code": 126906,
        "amount": 494000000,
        "spk_ty": {
          "Other": [
            65,
            4,
            49,
            4,
            19,
            31,
            183,
            122,
            75,
            142,
            217,
            188,
            27,
            163,
            107,
            208,
            166,
            61,
            10,
            169,
            43,
            112,
            148,
            123,
            116,
            248,
            86,
            89,
            141,
            31,
            253,
            172,
            226,
            28,
            34,
            232,
            151,
            193,
            166,
            172,
            235,
            61,
            73,
            51,
            186,
            234,
            73,
            6,
            162,
            56,
            232,
            125,
            152,
            74,
            148,
            50,
            244,
            197,
            84,
            189,
            128,
            26,
            76,
            249,
            125,
            177,
            172
          ]
        }
      }
    ]
  ],
  [
    {
      "previous_output": "865be47c3d7c9dff8b8402efc3d72206bf12fc36830660767e8f6aaac014c387:1",
      "script_sig": "4730440220343767ac3889365a5645e44a4d78cf6c1ce45344d03260b2d8f0d8cde240db0402202000a62ee0049c422e40b0d41e6ed48ede71cb7e3d68df0cfcd9abce0c931698014104e5b0b776f183d59845bc63d074665a8062b77ee6c24e59507b6a4a02806720597a2d9ea9757b34c2e8b75875cb7071acebe138778f1472d10597abb48e22c51b",
      "sequence": 4294967295,
      "witness": []
    },
    [
      {
        "Some": [
          216,
          188,
          220,
          4,
          145,
          219,
          232,
          4,
          195,
          204,
          249,
          172,
          56,
          84,
          253,
          161,
          13,
          120,
          225,
          223,
          51,
          70,
          244,
          233,
          161,
          249,
          193,
          67,
          51,
          113,
          63,
          183
        ]
      },
      {
        "header_code": 126626,
        "amount": 1000000,
        "spk_ty": "PubKeyHash"
      }
    ]
  ],
  [
    {
      "previous_output": "a245f8987e6fd35f74474c5a948786ca9c79fa6699f0985a3987593b35e4bf8e:0",
      "script_sig": "4730440220231a913b5407365d97b881d8b65bbd68af94ff11d7697d124aa22fe8e35b7863022048fbca9ac14b270903b78d062abebd8c282e106eb6c282710e457d384026e23601",
      "sequence": 4294967295,
      "witness": []
    },
    [
      {
        "Some": [
          227,
          185,
          31,
          25,
          3,
          118,
          147,
          130,
          36,
          2,
          12,
          168,
          43,
          221,
          203,
          205,
          87,
          90,
          251,
          216,
          0,
          222,
          39,
          35,
          33,
          124,
          47,
          52,
          47,
          207,
          151,
          188
        ]
      },
      {
        "header_code": 126906,
        "amount": 495000000,
        "spk_ty": {
          "Other": [
            65,
            4,
            10,
            251,
            14,
            153,
            63,
            204,
            158,
            68,
            236,
            88,
            185,
            248,
            108,
            212,
            170,
            118,
            40,
            34,
            202,
            245,
            187,
            67,
            117,
            244,
            16,
            189,
            193,
            30,
            46,
            183,
            214,
            53,
            162,
            133,
            208,
            245,
            165,
            158,
            175,
            167,
            129,
            167,
            219,
            58,
            189,
            233,
            81,
            135,
            209,
            6,
            122,
            109,
            86,
            124,
            30,
            160,
            144,
            3,
            75,
            90,
            150,
            157,
            223,
            66,
            172
          ]
        }
      }
    ]
  ],
  [
    {
      "previous_output": "a35319f373b17b89cc58775e28ec63dd5efeaf31118759ea9c8c4c71d2de68c1:0",
      "script_sig": "493046022100e20b03a7947826e2cc52d3b4594a5e4bb73b20a1440b0f4e093b52e8d93b44ab022100a66165be458c804e9714b81fb737439a2c2e6f948e20629a70dfca26eea99922014104e5b0b776f183d59845bc63d074665a8062b77ee6c24e59507b6a4a02806720597a2d9ea9757b34c2e8b75875cb7071acebe138778f1472d10597abb48e22c51b",
      "sequence": 4294967295,
      "witness": []
    },
    [
      {
        "Some": [
          120,
          175,
          111,
          217,
          93,
          117,
          45,
          255,
          136,
          85,
          213,
          225,
          248,
          63,
          75,
          131,
          39,
          221,
          130,
          246,
          23,
          22,
          61,
          91,
          13,
          209,
          215,
          36,
          12,
          243,
          57,
          102
        ]
      },
      {
        "header_code": 126626,
        "amount": 100000000,
        "spk_ty": "PubKeyHash"
      }
    ]
  ],
  [
    {
      "previous_output": "123454470b46200c08517bc4a3a430905e670faf5d246ddb9941c3382f224a77:1",
      "script_sig": "483045022100cd7d26a48d6eb834198faec8469ee921038ca4a5d7e9fcd2f7a78f25d8f1599c02206d86b0d2fd60a34f57adedd3aec33c0da506fa99e061b57c13bab2f002ffbbde01",
      "sequence": 4294967295,
      "witness": []
    },
    [
      {
        "Some": [
          179,
          83,
          72,
          248,
          88,
          102,
          89,
          250,
          253,
          201,
          52,
          228,
          142,
          113,
          220,
          206,
          188,
          214,
          65,
          185,
          32,
          26,
          245,
          207,
          54,
          227,
          163,
          122,
          37,
          40,
          176,
          201
        ]
      },
      {
        "header_code": 126906,
        "amount": 145000000,
        "spk_ty": {
          "Other": [
            65,
            4,
            12,
            37,
            202,
            167,
            188,
            122,
            60,
            20,
            44,
            177,
            30,
            155,
            207,
            109,
            196,
            227,
            212,
            229,
            188,
            169,
            92,
            23,
            144,
            112,
            70,
            239,
            144,
            152,
            152,
            229,
            125,
            68,
            88,
            27,
            156,
            177,
            225,
            212,
            232,
            98,
            47,
            42,
            17,
            89,
            203,
            84,
            151,
            179,
            84,
            233,
            75,
            133,
            46,
            236,
            55,
            72,
            173,
            105,
            103,
            245,
            149,
            19,
            253,
            70,
            172
          ]
        }
      }
    ]
  ],
  [
    {
      "previous_output": "d4b020a1900860622207367962ad80dbaa2f114c810cd8f14b57bc637c299616:1",
      "script_sig": "48304502207c3941fdd0c35346db72296bd02e73345351e0c7b157fa6bc1b130309f4f2ff5022100bf5f9971bd032561e9e513091b0d6f6fecde01a28c66793c985584aa6d0173d6014104e5b0b776f183d59845bc63d074665a8062b77ee6c24e59507b6a4a02806720597a2d9ea9757b34c2e8b75875cb7071acebe138778f1472d10597abb48e22c51b",
      "sequence": 4294967295,
      "witness": []
    },
    [
      {
        "Some": [
          227,
          218,
          120,
          187,
          126,
          196,
          132,
          177,
          234,
          170,
          243,
          218,
          11,
          101,
          244,
          6,
          19,
          128,
          54,
          112,
          224,
          194,
          176,
          72,
          189,
          239,
          23,
          79,
          145,
          82,
          102,
          96
        ]
      },
      {
        "header_code": 126626,
        "amount": 100000000,
        "spk_ty": "PubKeyHash"
      }
    ]
  ],
  [
    {
      "previous_output": "9061d2e78b64d3a17ae29dbc907a2e2ec3489018b601cd6189e86a0c0dfd4162:0",
      "script_sig": "473044022068e660ce83a7fc62bf9b51ca3df9265e94deda5a147dcf00bb5f4dd50753895d0220262125d379cb2d06b10d9693c88d9ad527a20afe3038e81311b8bf52372c111d01",
      "sequence": 4294967295,
      "witness": []
    },
    [
      {
        "Some": [
          82,
          91,
          131,
          41,
          53,
          81,
          121,
          158,
          185,
          125,
          135,
          27,
          205,
          7,
          148,
          72,
          99,
          90,
          103,
          202,
          184,
          81,
          173,
          181,
          212,
          8,
          62,
          66,
          183,
          207,
          228,
          154
        ]
      },
      {
        "header_code": 126906,
        "amount": 496000000,
        "spk_ty": {
          "Other": [
            65,
            4,
            184,
            74,
            5,
            175,
            232,
            82,
            121,
            110,
            190,
            41,
            155,
            33,
            196,
            171,
            182,
            102,
            19,
            69,
            136,
            53,
            193,
            152,
            226,
            188,
            108,
            158,
            190,
            216,
            156,
            190,
            98,
            109,
            97,
            197,
            98,
            96,
            53,
            30,
            5,
            48,
            218,
            166,
            115,
            115,
            236,
            228,
            232,
            233,
            90,
            71,
            27,
            229,
            183,
            122,
            241,
            28,
            58,
            72,
            132,
            200,
            28,
            214,
            91,
            48,
            172
          ]
        }
      }
    ]
  ],
  [
    {
      "previous_output": "fc9c19680a480f661fb1caf9e74859aa128c61f47f4f38df5aabdf30823610d3:0",
      "script_sig": "47304402207947bfbf1e5fbf5654f55a54e293efb65fc1904a4945671b0ed7aab1b00b6d250220354eb87d8667afe3251187e2402c24cdfafa4fa4f045195dbb2be4fd2e09ca86014104e5b0b776f183d59845bc63d074665a8062b77ee6c24e59507b6a4a02806720597a2d9ea9757b34c2e8b75875cb7071acebe138778f1472d10597abb48e22c51b",
      "sequence": 4294967295,
      "witness": []
    },
    [
      {
        "Some": [
          54,
          119,
          29,
          16,
          202,
          191,
          4,
          98,
          184,
          133,
          204,
          222,
          203,
          46,
          223,
          154,
          188,
          7,
          37,
          138,
          191,
          37,
          142,
          249,
          10,
          118,
          184,
          87,
          92,
          65,
          151,
          205
        ]
      },
      {
        "header_code": 126626,
        "amount": 1000000,
        "spk_ty": "PubKeyHash"
      }
    ]
  ],
  [
    {
      "previous_output": "c9db1f9485738a8634ac71c4c130dd433bea7045dc6d79f5e465952bfed6062c:0",
      "script_sig": "4830450221008195ce813568e372c57c6cd55af43a6c5fed6f66ca64217edfb40549d167510902206ec47d96af159de4c752b44e04989471c384aaef5ec06e70128c4e5e592dee5001",
      "sequence": 4294967295,
      "witness": []
    },
    [
      {
        "Some": [
          192,
          215,
          84,
          243,
          125,
          86,
          176,
          45,
          123,
          42,
          165,
          26,
          23,
          132,
          51,
          228,
          138,
          66,
          207,
          185,
          30,
          156,
          188,
          124,
          75,
          114,
          59,
          34,
          229,
          22,
          84,
          107
        ]
      },
      {
        "header_code": 126597,
        "amount": 5000000000,
        "spk_ty": {
          "Other": [
            65,
            4,
            223,
            45,
            97,
            239,
            248,
            164,
            117,
            38,
            48,
            165,
            249,
            73,
            218,
            80,
            70,
            198,
            138,
            151,
            105,
            178,
            107,
            39,
            148,
            12,
            22,
            188,
            242,
            214,
            80,
            205,
            185,
            79,
            236,
            135,
            65,
            9,
            233,
            70,
            116,
            153,
            128,
            181,
            157,
            158,
            111,
            134,
            234,
            17,
            19,
            115,
            231,
            3,
            190,
            51,
            246,
            254,
            132,
            53,
            203,
            233,
            197,
            103,
            207,
            250,
            172
          ]
        }
      }
    ]
  ],
  [
    {
      "previous_output": "381d04ccd88d6cae6ee457ac71cbb0b923252e7610ca27ca2222602a20fae4f9:0",
      "script_sig": "473044022012fe63dac45065f8f28b5f48ea0b4c7270b1608323540bc9623a5d174bfaaf5302205a43cca284efa75b067ea710b8c647f019754a7a2feb7b8eda15bdab82b78796014104747b3ed2259642d81adf2f26195ad8c30ff4d9243b1d8fc5992a62571bd737cca63cb1bd2d10e374e8b89332319ee2c4c0187a5e612327687a8bfb13051080f6",
      "sequence": 4294967295,
      "witness": []
    },
    [
      {
        "Some": [
          25,
          103,
          210,
          145,
          222,
          230,
          11,
          242,
          108,
          85,
          92,
          190,
          143,
          43,
          127,
          157,
          68,
          220,
          0,
          164,
          22,
          59,
          193,
          178,
          106,
          153,
          149,
          104,
          111,
          189,
          40,
          101
        ]
      },
      {
        "header_code": 126904,
        "amount": 1000000000,
        "spk_ty": "PubKeyHash"
      }
    ]
  ],
  [
    {
      "previous_output": "8a72b05ff079fff2823f8746211fe8dec0b913d15103bf4df931cfec28a31980:0",
      "script_sig": "48304502204d31b61750961f9243a21eff8e27c1b2c4b0aa7e262bec1c72fd68dfc1b3481f0221008ccb6f502273ecb50aeba518bf7885b5bbc24ae50c8d10634be23a76c5c24ab0014104b031395feed7d5e27a80ecc2920161fe843a6e2eaf6cd7d5309ec33916d44728f1411c86fd59d86136543ba6e48a9ad856b42c9c45d2eacd55e6a20f0a38e39e",
      "sequence": 4294967295,
      "witness": []
    },
    [
      {
        "Some": [
          131,
          165,
          248,
          251,
          121,
          246,
          69,
          168,
          254,
          68,
          158,
          10,
          62,
          186,
          152,
          99,
          81,
          57,
          244,
          203,
          32,
          18,
          182,
          9,
          0,
          16,
          124,
          157,
          213,
          116,
          142,
          181
        ]
      },
      {
        "header_code": 126906,
        "amount": 500000000,
        "spk_ty": "PubKeyHash"
      }
    ]
  ],
  [
    {
      "previous_output": "0cfd24c40352d0d11c1c5a46ec5d2844e8dc31e2e3e19716eae5e682c37787c3:1",
      "script_sig": "4930460221008794ba0fd973f869272e6f10a321979ec4ff7d8b9d24cdf6c0d33047e1eb68aa022100b6987de99632719af4c5c7b61354637f78d609cd780d73939c52ac79b4418f5001",
      "sequence": 4294967295,
      "witness": []
    },
    [
      {
        "Some": [
          123,
          56,
          14,
          86,
          214,
          217,
          207,
          197,
          249,
          32,
          84,
          209,
          121,
          208,
          97,
          84,
          35,
          73,
          173,
          86,
          93,
          26,
          41,
          211,
          180,
          9,
          61,
          250,
          159,
          54,
          232,
          201
        ]
      },
      {
        "header_code": 126906,
        "amount": 497000000,
        "spk_ty": {
          "Other": [
            65,
            4,
            170,
            157,
            21,
            35,
            131,
            207,
            231,
            136,
            122,
            94,
            228,
            15,
            32,
            18,
            180,
            6,
            221,
            8,
            62,
            17,
            222,
            185,
            156,
            181,
            163,
            99,
            145,
            108,
            48,
            150,
            93,
            230,
            100,
            139,
            143,
            189,
            32,
            218,
            189,
            91,
            49,
            220,
            108,
            250,
            48,
            29,
            30,
            33,
            165,
            101,
            74,
            20,
            197,
            129,
            95,
            171,
            16,
            219,
            136,
            77,
            127,
            150,
            108,
            176,
            172
          ]
        }
      }
    ]
  ],
  [
    {
      "previous_output": "0a7bb636231ed21a7a236963c992354f5c59255afa0313c311884f7808d3e160:1",
      "script_sig": "483045022100d7ee3f1ca26e111e6ba74ce69150bec025c8b9b1af01bdef4ab97eddf8afa8fa02201fb42acda0b646926b4eddb092028749adafdf548531ab796d43866efbcb91ce01",
      "sequence": 4294967295,
      "witness": []
    },
    [
      {
        "Some": [
          21,
          166,
          249,
          56,
          205,
          150,
          245,
          111,
          186,
          2,
          13,
          173,
          16,
          19,
          171,
          224,
          246,
          163,
          204,
          57,
          174,
          0,
          111,
          166,
          23,
          136,
          154,
          143,
          116,
          231,
          218,
          183
        ]
      },
      {
        "header_code": 126906,
        "amount": 214000000,
        "spk_ty": {
          "Other": [
            65,
            4,
            139,
            65,
            43,
            66,
            191,
            28,
            28,
            23,
            190,
            122,
            155,
            218,
            243,
            15,
            126,
            131,
            7,
            169,
            71,
            101,
            93,
            178,
            236,
            70,
            229,
            11,
            100,
            96,
            58,
            21,
            108,
            169,
            208,
            152,
            9,
            103,
            197,
            216,
            66,
            230,
            144,
            154,
            38,
            104,
            27,
            73,
            107,
            58,
            196,
            17,
            7,
            14,
            232,
            169,
            73,
            182,
            7,
            210,
            18,
            29,
            111,
            149,
            41,
            48,
            172
          ]
        }
      }
    ]
  ],
  [
    {
      "previous_output": "fb700825d5ec03f1a6f68686f991cd3f8b16d304f5d3c7daaad526ec16a01bbf:1",
      "script_sig": "493046022100c0cd4ca558f9010af6173366abcfcd593bc193f24ceb4473724083b288c26b820221008bec6f1b5de837ab38dff6428e51028c998b75a5f7e3242fc3ef996e352928c201",
      "sequence": 4294967295,
      "witness": []
    },
    [
      {
        "Some": [
          31,
          221,
          43,
          230,
          99,
          147,
          21,
          172,
          198,
          66,
          101,
          166,
          2,
          121,
          180,
          161,
          248,
          219,
          149,
          240,
          148,
          199,
          190,
          163,
          40,
          134,
          248,
          222,
          112,
          174,
          129,
          255
        ]
      },
      {
        "header_code": 126906,
        "amount": 498000000,
        "spk_ty": {
          "Other": [
            65,
            4,
            185,
            163,
            218,
            158,
            129,
            191,
            248,
            132,
            36,
            166,
            45,
            70,
            155,
            73,
            117,
            254,
            145,
            157,
            220,
            15,
            231,
            97,
            203,
            146,
            95,
            7,
            206,
            133,
            163,
            76,
            60,
            113,
            17,
            172,
            40,
            10,
            65,
            30,
            220,
            110,
            244,
            185,
            16,
            14,
            243,
            57,
            79,
            190,
            178,
            246,
            216,
            252,
            27,
            60,
            171,
            43,
            208,
            51,
            103,
            17,
            198,
            123,
            240,
            127,
            172
          ]
        }
      }
    ]
  ],
  [
    {
      "previous_output": "3d71f94da9039ec9654da346fbcc3c5552644496ed04dd01a7655387b256ce4e:0",
      "script_sig": "493046022100e3ddc2547a38485573a142c9e930ad552931d5497e19a99b725313c19ba1ce36022100dba62dc2428e70805ae3211d676f18cbcb9f8ca0c4164c8eca3b3f61012403c301",
      "sequence": 4294967295,
      "witness": []
    },
    [
      {
        "Some": [
          128,
          134,
          173,
          60,
          192,
          184,
          154,
          157,
          93,
          108,
          86,
          98,
          226,
          74,
          146,
          185,
          106,
          45,
          175,
          48,
          22,
          214,
          154,
          208,
          118,
          44,
          201,
          230,
          87,
          251,
          239,
          130
        ]
      },
      {
        "header_code": 126906,
        "amount": 7000000,
        "spk_ty": {
          "Other": [
            65,
            4,
            39,
            50,
            158,
            76,
            76,
            58,
            71,
            165,
            44,
            131,
            81,
            201,
            57,
            212,
            125,
            63,
            108,
            120,
            208,
            207,
            167,
            137,
            247,
            56,
            156,
            250,
            126,
            75,
            169,
            24,
            164,
            234,
            220,
            132,
            164,
            245,
            110,
            19,
            167,
            141,
            206,
            155,
            200,
            171,
            219,
            117,
            201,
            252,
            24,
            183,
            218,
            12,
            168,
            238,
            36,
            246,
            239,
            70,
            81,
            209,
            210,
            81,
            137,
            182,
            172
          ]
        }
      }
    ]
  ],
  [
    {
      "previous_output": "d47476fcdeff7669f67e143ed69520057354ba0677b5f766a2463045e537fe5a:0",
      "script_sig": "47304402204a1b8ba53a89d75eee9856553e31070789193d4fe4f90d2238bef6d6f8e696a702207532b0b0fdd386b5cd05a59cab12fe45f8f6635fe7bbea2111d7f053e198bf3801",
      "sequence": 4294967295,
      "witness": []
    },
    [
      {
        "Some": [
          53,
          150,
          52,
          191,
          68,
          218,
          63,
          96,
          6,
          225,
          164,
          165,
          241,
          209,
          236,
          175,
          218,
          146,
          232,
          236,
          44,
          226,
          94,
          188,
          238,
          126,
          2,
          108,
          239,
          118,
          96,
          174
        ]
      },
      {
        "header_code": 126906,
        "amount": 490000000,
        "spk_ty": {
          "Other": [
            65,
            4,
            83,
            87,
            166,
            110,
            190,
            87,
            115,
            67,
            5,
            137,
            57,
            226,
            169,
            116,
            18,
            142,
            235,
            250,
            203,
            157,
            210,
            27,
            157,
            49,
            233,
            130,
            253,
            61,
            237,
            103,
            94,
            206,
            17,
            24,
            147,
            125,
            118,
            55,
            144,
            216,
            253,
            136,
            225,
            168,
            167,
            187,
            106,
            83,
            209,
            10,
            143,
            38,
            193,
            185,
            82,
            204,
            128,
            148,
            41,
            237,
            158,
            67,
            110,
            96,
            172
          ]
        }
      }
    ]
  ],
  [
    {
      "previous_output": "1d6ad2a7e814b278b9486e318ba4fe7ca327660c1bba416a7f65005e17431b50:0",
      "script_sig": "493046022100c8691bf17c7581f964eb4b433d4e8df94d58d4c73caf39b00916806774bf81480221009723746772da62c97b0e4e42cd9a7c460ffec3705c4e73fbadb9eea226fe51ba01",
      "sequence": 4294967295,
      "witness": []
    },
    [
      {
        "Some": [
          222,
          89,
          38,
          46,
          221,
          101,
          247,
          161,
          182,
          97,
          13,
          184,
          144,
          157,
          19,
          191,
          198,
          197,
          65,
          167,
          170,
          38,
          247,
          83,
          165,
          124,
          246,
          53,
          121,
          145,
          76,
          71
        ]
      },
      {
        "header_code": 126649,
        "amount": 5000000000,
        "spk_ty": {
          "Other": [
            65,
            4,
            244,
            87,
            127,
            153,
            120,
            101,
            23,
            184,
            56,
            28,
            163,
            14,
            112,
            72,
            38,
            122,
            235,
            43,
            233,
            60,
            227,
            103,
            76,
            79,
            122,
            103,
            144,
            112,
            213,
            161,
            122,
            76,
            181,
            242,
            244,
            147,
            153,
            102,
            1,
            31,
            69,
            148,
            228,
            121,
            10,
            172,
            250,
            8,
            240,
            33,
            78,
            102,
            29,
            154,
            193,
            109,
            103,
            154,
            173,
            155,
            70,
            24,
            129,
            123,
            172
          ]
        }
      }
    ]
  ],
  [
    {
      "previous_output": "f609a6a2cce24f46fe90da41de727023219d53aa7147bd211cce7ab0f3ff0b61:1",
      "script_sig": "483045022100c08785200c158c42fd0ad8e1fe40ba84bd580ec209e2cd5da9a215a354fe008702205bd72d59c5f49a00c564f271a6fa252eaac09f936e1a35cf33909ab4c38a587501",
      "sequence": 4294967295,
      "witness": []
    },
    [
      {
        "Some": [
          43,
          226,
          57,
          103,
          17,
          18,
          71,
          49,
          229,
          130,
          21,
          38,
          86,
          220,
          101,
          187,
          161,
          71,
          241,
          148,
          150,
          30,
          134,
          126,
          92,
          41,
          107,
          155,
          141,
          134,
          208,
          255
        ]
      },
      {
        "header_code": 126906,
        "amount": 493000000,
        "spk_ty": {
          "Other": [
            65,
            4,
            67,
            205,
            246,
            53,
            183,
            135,
            200,
            94,
            142,
            238,
            59,
            71,
            48,
            132,
            75,
            56,
            13,
            158,
            31,
            6,
            163,
            33,
            50,
            39,
            236,
            151,
            85,
            60,
            87,
            178,
            62,
            233,
            123,
            121,
            204,
            158,
            128,
            141,
            198,
            161,
            54,
            84,
            230,
            36,
            62,
            188,
            116,
            253,
            139,
            40,
            36,
            77,
            11,
            148,
            172,
            111,
            2,
            225,
            134,
            31,
            234,
            52,
            135,
            240,
            172
          ]
        }
      }
    ]
  ],
  [
    {
      "previous_output": "6f1d27e9b58a445f23882393f7e2b2ff61f1b23ab227cc20b22d535c5d2a0a30:0",
      "script_sig": "4930460221009c57f56ce5cee9c5ee2ca056212f143800dc86fa292e239cc2e6f723d9121841022100a7a3a888e576841d9fd096518b966ef590b55f0f794e8cb2ccdae0e67a5b01ec014104e5b0b776f183d59845bc63d074665a8062b77ee6c24e59507b6a4a02806720597a2d9ea9757b34c2e8b75875cb7071acebe138778f1472d10597abb48e22c51b",
      "sequence": 4294967295,
      "witness": []
    },
    [
      {
        "Some": [
          236,
          79,
          249,
          244,
          251,
          153,
          124,
          84,
          207,
          213,
          28,
          9,
          31,
          120,
          218,
          101,
          41,
          86,
          207,
          24,
          17,
          191,
          206,
          54,
          0,
          71,
          176,
          32,
          13,
          62,
          94,
          87
        ]
      },
      {
        "header_code": 126626,
        "amount": 1000000,
        "spk_ty": "PubKeyHash"
      }
    ]
  ],
  [
    {
      "previous_output": "693f2fe2299bd17335434c4d6da3959cda8679bc76687e22ba4e39e91286696d:0",
      "script_sig": "4730440220688eb9c2dc7bef46028c8758b06ae2272b358bb46ecb7da9af8bdda4270404a1022035e036f388c8f9afb5d0ede21e0549776c9b545f33efa79f1f7993fe96513cb401",
      "sequence": 4294967295,
      "witness": []
    },
    [
      {
        "Some": [
          73,
          121,
          9,
          22,
          11,
          252,
          167,
          34,
          83,
          199,
          185,
          68,
          119,
          118,
          62,
          89,
          225,
          128,
          19,
          230,
          132,
          152,
          83,
          218,
          89,
          182,
          36,
          207,
          198,
          224,
          228,
          122
        ]
      },
      {
        "header_code": 126906,
        "amount": 499000000,
        "spk_ty": {
          "Other": [
            65,
            4,
            244,
            106,
            193,
            42,
            141,
            153,
            117,
            18,
            116,
            81,
            159,
            218,
            66,
            231,
            248,
            192,
            75,
            210,
            150,
            25,
            88,
            41,
            108,
            212,
            82,
            147,
            95,
            127,
            234,
            253,
            232,
            35,
            78,
            70,
            193,
            252,
            190,
            213,
            83,
            122,
            203,
            5,
            149,
            169,
            29,
            228,
            131,
            32,
            160,
            199,
            67,
            8,
            139,
            84,
            96,
            121,
            27,
            97,
            159,
            211,
            155,
            50,
            80,
            208,
            172
          ]
        }
      }
    ]
  ],
  [
    {
      "previous_output": "14f09203b730a9e59233429b2729b916941f7bd39ed10e005389755694cde7b0:0",
      "script_sig": "47304402202db5b184582186715ba72d6c74df905678edbdb3ec3c2b4909f8ea4ab00dedb4022075c8abbcf92a00dc57b360e5c56b28c533a2f97867e5d42531116851515b38de01",
      "sequence": 4294967295,
      "witness": []
    },
    [
      {
        "Some": [
          77,
          18,
          213,
          111,
          41,
          79,
          161,
          97,
          244,
          196,
          167,
          33,
          6,
          0,
          141,
          175,
          221,
          209,
          23,
          59,
          104,
          30,
          30,
          71,
          64,
          100,
          216,
          22,
          214,
          181,
          194,
          130
        ]
      },
      {
        "header_code": 126906,
        "amount": 492000000,
        "spk_ty": {
          "Other": [
            65,
            4,
            123,
            107,
            176,
            163,
            52,
            202,
            47,
            72,
            194,
            195,
            105,
            43,
            190,
            201,
            141,
            108,
            239,
            24,
            12,
            224,
            3,
            84,
            238,
            220,
            14,
            73,
            66,
            190,
            205,
            53,
            70,
            208,
            80,
            58,
            171,
            52,
            212,
            90,
            213,
            191,
            136,
            38,
            113,
            68,
            232,
            8,
            42,
            172,
            211,
            178,
            19,
            107,
            53,
            229,
            36,
            176,
            88,
            253,
            202,
            149,
            14,
            186,
            195,
            114,
            172
          ]
        }
      }
    ]
  ],
  [
    {
      "previous_output": "1f81b2b374d8cfadbf7b07597fb6f05bc6b831c52c6ced13e0352badbeab06fe:1",
      "script_sig": "493046022100def428b5d4aeda069921d3693972ac9a482553ea96fa4dc045feadf3c30671360221009e6ab9919f8072711ecb6af4307bc72fbbbd2b1c8eb2817caee172be5f25d90201",
      "sequence": 4294967295,
      "witness": []
    },
    [
      {
        "Some": [
          35,
          106,
          162,
          58,
          219,
          250,
          138,
          213,
          130,
          206,
          246,
          115,
          203,
          43,
          196,
          115,
          55,
          136,
          8,
          69,
          211,
          242,
          39,
          20,
          168,
          124,
          103,
          229,
          65,
          34,
          210,
          207
        ]
      },
      {
        "header_code": 126906,
        "amount": 76000000,
        "spk_ty": {
          "Other": [
            65,
            4,
            213,
            10,
            26,
            59,
            255,
            193,
            171,
            215,
            145,
            210,
            197,
            230,
            98,
            154,
            162,
            13,
            13,
            57,
            3,
            98,
            67,
            11,
            165,
            118,
            60,
            37,
            37,
            105,
            60,
            48,
            205,
            115,
            65,
            203,
            142,
            71,
            102,
            205,
            143,
            161,
            243,
            162,
            75,
            237,
            58,
            48,
            157,
            76,
            37,
            63,
            23,
            50,
            82,
            37,
            248,
            210,
            203,
            185,
            26,
            192,
            65,
            25,
            121,
            12,
            172
          ]
        }
      }
    ]
  ],
  [
    {
      "previous_output": "69ea14c12d38cec8238221838cb0de96f7c00182b51281ab1dfd6e9c91e7b934:1",
      "script_sig": "483045022100c70635e0b75ccd7e8e270f4b718e29c4867d113fa71420971e3a5168628fce1a022075eb7f5ed096702d5e7861d0d1a75af44f6668240b18e991e6846a65e9eea922014104e5b0b776f183d59845bc63d074665a8062b77ee6c24e59507b6a4a02806720597a2d9ea9757b34c2e8b75875cb7071acebe138778f1472d10597abb48e22c51b",
      "sequence": 4294967295,
      "witness": []
    },
    [
      {
        "Some": [
          191,
          151,
          58,
          71,
          123,
          77,
          235,
          227,
          163,
          252,
          247,
          1,
          68,
          44,
          231,
          219,
          117,
          46,
          97,
          30,
          172,
          110,
          63,
          63,
          122,
          241,
          247,
          150,
          216,
          232,
          153,
          90
        ]
      },
      {
        "header_code": 126626,
        "amount": 100000000,
        "spk_ty": "PubKeyHash"
      }
    ]
  ],
  [
    {
      "previous_output": "cbe36cb7cf1a66b881e21a560cb72aa25b1cc5ce4dda35347bfe3a738c606154:1",
      "script_sig": "483045022100c371f12e93d6846b223baa59945ad3ea8b1a4190a9c8480916b4cf84b2a8467b02205993d880186bb9e66af7ae8cc3e622f45d9edaa400b0c356df60e0979d13919201",
      "sequence": 4294967295,
      "witness": []
    },
    [
      {
        "Some": [
          88,
          29,
          78,
          96,
          148,
          76,
          230,
          118,
          68,
          89,
          188,
          246,
          81,
          240,
          223,
          78,
          226,
          248,
          195,
          125,
          246,
          63,
          160,
          14,
          73,
          74,
          186,
          107,
          67,
          51,
          145,
          155
        ]
      },
      {
        "header_code": 126906,
        "amount": 4000000,
        "spk_ty": {
          "Other": [
            65,
            4,
            131,
            79,
            87,
            227,
            195,
            33,
            22,
            184,
            78,
            215,
            163,
            140,
            1,
            47,
            0,
            248,
            52,
            28,
            140,
            112,
            26,
            162,
            238,
            6,
            111,
            209,
            146,
            228,
            124,
            221,
            21,
            127,
            236,
            168,
            75,
            231,
            127,
            49,
            2,
            172,
            240,
            224,
            208,
            242,
            56,
            237,
            155,
            81,
            240,
            110,
            64,
            122,
            177,
            88,
            55,
            67,
            49,
            64,
            230,
            45,
            69,
            159,
            62,
            103,
            172
          ]
        }
      }
    ]
  ],
  [
    {
      "previous_output": "e67c0c742a4a83253332e58a209bab4fc5bac5047eb059fe6c4bbaaf76a652fa:0",
      "script_sig": "493046022100c78d5aea69a48386970da5554e9cb42506bab16ca96374fb876634e916b4ec49022100b1d33799f328b0a506dc8cdc8e085d661f345eaf07007c27cf4071f62e429a42014104e5b0b776f183d59845bc63d074665a8062b77ee6c24e59507b6a4a02806720597a2d9ea9757b34c2e8b75875cb7071acebe138778f1472d10597abb48e22c51b",
      "sequence": 4294967295,
      "witness": []
    },
    [
      {
        "Some": [
          234,
          124,
          154,
          1,
          2,
          126,
          143,
          38,
          206,
          146,
          77,
          201,
          40,
          253,
          15,
          201,
          190,
          88,
          46,
          92,
          118,
          229,
          121,
          5,
          43,
          99,
          43,
          132,
          169,
          214,
          238,
          28
        ]
      },
      {
        "header_code": 126644,
        "amount": 31000000,
        "spk_ty": "PubKeyHash"
      }
    ]
  ],
  [
    {
      "previous_output": "a477d5a68e4f1fda0be796473667e17eed035ac9caa8d7c3ec6babb76f9fb7f0:0",
      "script_sig": "48304502205c3a3ae5ce3b716626cc162f10a464e493949ef21e8aa7496ee28fba6851b89c022100bf782a925240105a4c26da7b6ee97eff9d53f27a60a8d6ae8413e33e1beb6413014104e5b0b776f183d59845bc63d074665a8062b77ee6c24e59507b6a4a02806720597a2d9ea9757b34c2e8b75875cb7071acebe138778f1472d10597abb48e22c51b",
      "sequence": 4294967295,
      "witness": []
    },
    [
      {
        "Some": [
          138,
          179,
          20,
          70,
          11,
          58,
          105,
          183,
          53,
          66,
          64,
          236,
          37,
          133,
          159,
          102,
          52,
          156,
          89,
          140,
          114,
          207,
          237,
          87,
          204,
          180,
          141,
          47,
          124,
          254,
          255,
          185
        ]
      },
      {
        "header_code": 126626,
        "amount": 1000000,
        "spk_ty": "PubKeyHash"
      }
    ]
  ],
  [
    {
      "previous_output": "49828542d3c1896b8d4035f9642c36572831b9db6c6c6dfd7c036d6d1c8042b8:0",
      "script_sig": "4730440220358ef876cb469c309554a928f38e354f0c37f03510719b7ba70f4c36a2c1af7902206f198f697af08794db5a4190e7a6b4a4986e218445e8b537447a1d5799e9e83901",
      "sequence": 4294967295,
      "witness": []
    },
    [
      {
        "Some": [
          255,
          251,
          35,
          30,
          142,
          171,
          127,
          160,
          161,
          85,
          174,
          50,
          158,
          46,
          80,
          110,
          53,
          218,
          146,
          110,
          135,
          179,
          223,
          132,
          201,
          51,
          50,
          212,
          190,
          140,
          113,
          149
        ]
      },
      {
        "header_code": 126906,
        "amount": 421000000,
        "spk_ty": {
          "Other": [
            65,
            4,
            31,
            121,
            6,
            160,
            142,
            189,
            228,
            86,
            190,
            203,
            87,
            216,
            142,
            124,
            114,
            132,
            239,
            164,
            226,
            36,
            112,
            8,
            254,
            105,
            248,
            252,
            89,
            79,
            13,
            124,
            210,
            167,
            112,
            72,
            62,
            230,
            42,
            150,
            137,
            213,
            20,
            50,
            181,
            254,
            185,
            52,
            229,
            105,
            3,
            204,
            56,
            210,
            20,
            83,
            25,
            26,
            175,
            180,
            63,
            134,
            93,
            185,
            113,
            220,
            172
          ]
        }
      }
    ]
  ],
  [
    {
      "previous_output": "6849a1e9946eeeda91b615d28e4d71300b4a62976829860aa71cd00351dbda18:1",
      "script_sig": "473044022007c2319c8110c57af46e8148124fc9d81a9be34868e9c6b0581e0f28018e3b15022068c0f7570e0016711b0f77db0b27000704bcd96cf13d0e4ca5e429bf195f25bf01",
      "sequence": 4294967295,
      "witness": []
    },
    [
      {
        "Some": [
          33,
          216,
          46,
          101,
          129,
          57,
          46,
          17,
          201,
          80,
          62,
          100,
          105,
          198,
          74,
          54,
          57,
          98,
          233,
          208,
          117,
          12,
          140,
          237,
          162,
          39,
          63,
          85,
          209,
          210,
          169,
          72
        ]
      },
      {
        "header_code": 126906,
        "amount": 352000000,
        "spk_ty": {
          "Other": [
            65,
            4,
            232,
            44,
            60,
            50,
            90,
            122,
            46,
            16,
            79,
            3,
            157,
            38,
            15,
            126,
            151,
            165,
            173,
            218,
            17,
            240,
            106,
            109,
            186,
            94,
            32,
            53,
            25,
            58,
            34,
            93,
            233,
            84,
            164,
            20,
            135,
            59,
            96,
            58,
            193,
            204,
            173,
            200,
            161,
            253,
            134,
            35,
            118,
            195,
            0,
            151,
            216,
            87,
            70,
            229,
            244,
            22,
            4,
            52,
            247,
            95,
            158,
            168,
            47,
            179,
            172
          ]
        }
      }
    ]
  ],
  [
    {
      "previous_output": "18f694d74befa949466f2d45f319a8010a0de89dd2b5d173faf4dddcf72d4ca4:1",
      "script_sig": "483045022100f26848e9b3e24eda3df31f0a46e91268a6b287cf5e9b8d86230ba38f0ed890dc022028e763b0e726a903e445ae99ef3e1afefadbd485d4b8d000ce358597c1088bff014104e5b0b776f183d59845bc63d074665a8062b77ee6c24e59507b6a4a02806720597a2d9ea9757b34c2e8b75875cb7071acebe138778f1472d10597abb48e22c51b",
      "sequence": 4294967295,
      "witness": []
    },
    [
      {
        "Some": [
          171,
          96,
          28,
          22,
          54,
          175,
          140,
          161,
          89,
          172,
          182,
          55,
          220,
          140,
          30,
          196,
          214,
          37,
          88,
          113,
          75,
          224,
          157,
          84,
          121,
          211,
          83,
          6,
          120,
          222,
          60,
          76
        ]
      },
      {
        "header_code": 126626,
        "amount": 1000000,
        "spk_ty": "PubKeyHash"
      }
    ]
  ],
  [
    {
      "previous_output": "a9924850dfab3a46ac7d7eda88bdf427d80b79d24e8a34938c8e0be3412eaa55:1",
      "script_sig": "47304402204fbf2df99c1334f9610e78ebb767c9df4f324a8760f16a19c0f20b1f2b4cb34b022046be51c119f42495341323a36d44766cd52152d4c751d84060ece7f046e9534e01",
      "sequence": 4294967295,
      "witness": []
    },
    [
      {
        "Some": [
          64,
          216,
          188,
          68,
          2,
          122,
          171,
          32,
          151,
          23,
          157,
          95,
          42,
          96,
          195,
          85,
          58,
          174,
          156,
          147,
          205,
          190,
          49,
          143,
          159,
          239,
          27,
          227,
          213,
          151,
          59,
          140
        ]
      },
      {
        "header_code": 126906,
        "amount": 3000000,
        "spk_ty": {
          "Other": [
            65,
            4,
            144,
            207,
            2,
            41,
            240,
            130,
            137,
            75,
            211,
            101,
            184,
            115,
            255,
            105,
            24,
            134,
            151,
            173,
            115,
            172,
            100,
            215,
            219,
            6,
            252,
            111,
            195,
            0,
            221,
            120,
            85,
            207,
            91,
            139,
            127,
            66,
            238,
            43,
            39,
            116,
            242,
            81,
            73,
            121,
            23,
            19,
            220,
            53,
            226,
            194,
            147,
            36,
            118,
            146,
            53,
            199,
            120,
            183,
            112,
            20,
            69,
            129,
            179,
            45,
            172
          ]
        }
      }
    ]
  ],
  [
    {
      "previous_output": "852be47f89914caab8ffe63544b266fa41740e6fa1db08d9d95726cb39b6afc8:1",
      "script_sig": "483045022002c7ef9c0823af9976c3614b203e04e4518976e89d7c8a303e4817a2ceb7a9b0022100c72d7f6cd080cc929c676d296a26d9a16e04513e840b06afb4b60c1bda92b9f4014104e5b0b776f183d59845bc63d074665a8062b77ee6c24e59507b6a4a02806720597a2d9ea9757b34c2e8b75875cb7071acebe138778f1472d10597abb48e22c51b",
      "sequence": 4294967295,
      "witness": []
    },
    [
      {
        "Some": [
          213,
          168,
          68,
          74,
          25,
          89,
          94,
          100,
          9,
          88,
          80,
          35,
          135,
          233,
          101,
          191,
          131,
          207,
          201,
          74,
          94,
          103,
          160,
          63,
          109,
          255,
          139,
          193,
          100,
          133,
          147,
          126
        ]
      },
      {
        "header_code": 126626,
        "amount": 59000000,
        "spk_ty": "PubKeyHash"
      }
    ]
  ],
  [
    {
      "previous_output": "7654068fa943ac305e1727bef20162c69cf3565ea587d385cfa198339aac15fc:1",
      "script_sig": "48304502205e04b52dd13ab0906b89b857fe1588e4cd603e24a467ba1dfd7faf7379936694022100a150d77d152f77d74559e03eb2ce0e648d29316d0068ebf26affba60edfe6a6a014104e5b0b776f183d59845bc63d074665a8062b77ee6c24e59507b6a4a02806720597a2d9ea9757b34c2e8b75875cb7071acebe138778f1472d10597abb48e22c51b",
      "sequence": 4294967295,
      "witness": []
    },
    [
      {
        "Some": [
          116,
          11,
          229,
          58,
          160,
          35,
          82,
          31,
          165,
          217,
          87,
          224,
          246,
          254,
          142,
          169,
          105,
          253,
          60,
          217,
          116,
          22,
          11,
          10,
          165,
          43,
          76,
          64,
          143,
          59,
          252,
          183
        ]
      },
      {
        "header_code": 126626,
        "amount": 100000000,
        "spk_ty": "PubKeyHash"
      }
    ]
  ],
  [
    {
      "previous_output": "9e36aecceab52a8efd5c70b83ec4b100de5c22951c1cb4b12d1f5025e7b33c43:0",
      "script_sig": "483045022100991c129945a09c64b6a3283f00f3ab5325918ae637c90bd3ef11f23505ac9734022021c8b85884e2767108ff48734c86ee33f06e25c2dc9fc771f5efe2189ddadc76014104e5b0b776f183d59845bc63d074665a8062b77ee6c24e59507b6a4a02806720597a2d9ea9757b34c2e8b75875cb7071acebe138778f1472d10597abb48e22c51b",
      "sequence": 4294967295,
      "witness": []
    },
    [
      {
        "Some": [
          251,
          165,
          109,
          99,
          66,
          174,
          124,
          210,
          121,
          68,
          67,
          196,
          21,
          207,
          93,
          64,
          158,
          216,
          2,
          51,
          17,
          137,
          204,
          136,
          10,
          163,
          216,
          241,
          177,
          10,
          63,
          172
        ]
      },
      {
        "header_code": 126626,
        "amount": 1000000,
        "spk_ty": "PubKeyHash"
      }
    ]
  ],
  [
    {
      "previous_output": "12c8670e917cea85ef1cb75071b4aea3f370f58e0b253a7014b8e580652c4384:1",
      "script_sig": "483045022100c3a3923e220eb356c28422d96061c7fa6cd49cfca2431b53d8b0c186a5ecd61c02200466edbe56ec789c5125280c59a5e2fdc64f2afc8c7a4cda5f32a78b45407ae301",
      "sequence": 4294967295,
      "witness": []
    },
    [
      {
        "Some": [
          115,
          46,
          67,
          155,
          55,
          210,
          220,
          87,
          69,
          201,
          175,
          247,
          16,
          170,
          108,
          156,
          3,
          83,
          112,
          212,
          171,
          76,
          72,
          30,
          94,
          138,
          139,
          129,
          131,
          156,
          83,
          23
        ]
      },
      {
        "header_code": 126906,
        "amount": 491000000,
        "spk_ty": {
          "Other": [
            65,
            4,
            61,
            226,
            222,
            142,
            42,
            250,
            18,
            183,
            122,
            118,
            112,
            114,
            176,
            211,
            56,
            253,
            17,
            25,
            102,
            234,
            124,
            179,
            2,
            162,
            56,
            30,
            185,
            240,
            246,
            120,
            162,
            229,
            13,
            191,
            245,
            222,
            3,
            11,
            31,
            149,
            219,
            24,
            12,
            79,
            145,
            136,
            155,
            155,
            217,
            212,
            19,
            124,
            12,
            160,
            167,
            169,
            132,
            206,
            197,
            199,
            236,
            147,
            6,
            202,
            172
          ]
        }
      }
    ]
  ],
  [
    {
      "previous_output": "cafd203b9fe63dde650dc3b1f1c1d781ad7a2326306471e7415ab51a7a46cbeb:0",
      "script_sig": "49304602210092d6d1d18e321e841329c5170376700ab328331bf3327acedd5da5ca53f2839b0221008dfbfc65c277881bb24a93a28ab1d4ed4e70246d6c7822f2ff6cffefc8b0750601",
      "sequence": 4294967295,
      "witness": []
    },
    [
      {
        "Some": [
          0,
          188,
          179,
          38,
          95,
          187,
          254,
          205,
          167,
          167,
          155,
          38,
          38,
          185,
          16,
          15,
          128,
          4,
          178,
          231,
          255,
          53,
          245,
          29,
          66,
          142,
          158,
          55,
          235,
          17,
          151,
          142
        ]
      },
      {
        "header_code": 126906,
        "amount": 283000000,
        "spk_ty": {
          "Other": [
            65,
            4,
            3,
            217,
            109,
            131,
            156,
            130,
            199,
            202,
            240,
            242,
            151,
            31,
            242,
            12,
            114,
            254,
            112,
            184,
            148,
            163,
            31,
            168,
            71,
            85,
            246,
            125,
            221,
            243,
            181,
            143,
            159,
            88,
            248,
            84,
            169,
            42,
            226,
            97,
            62,
            239,
            22,
            17,
            178,
            29,
            96,
            29,
            0,
            1,
            115,
            120,
            241,
            168,
            175,
            2,
            89,
            148,
            48,
            69,
            97,
            55,
            15,
            249,
            115,
            152,
            172
          ]
        }
      }
    ]
  ],
  [
    {
      "previous_output": "5f9b6cb10e1d638f37a99344c9db795eec5c5d9d22e2df3b75f1b3f8f19e0ec1:1",
      "script_sig": "483045022100962650855b1dd2963b6c1956e96a275ec4e3366c9aef0fe3a0de41a63ffe1a0602207c189c163e7fcbf8c4d63c59234420fb1313b6293fd71f449e81acf788181f3e01",
      "sequence": 4294967295,
      "witness": []
    },
    [
      {
        "Some": [
          10,
          44,
          25,
          249,
          80,
          225,
          129,
          109,
          82,
          85,
          255,
          210,
          229,
          187,
          92,
          64,
          88,
          36,
          111,
          132,
          99,
          228,
          36,
          65,
          211,
          138,
          40,
          91,
          132,
          64,
          90,
          199
        ]
      },
      {
        "header_code": 126906,
        "amount": 6000000,
        "spk_ty": {
          "Other": [
            65,
            4,
            83,
            158,
            100,
            18,
            134,
            238,
            253,
            192,
            14,
            43,
            243,
            75,
            129,
            202,
            167,
            194,
            188,
            233,
            173,
            82,
            210,
            190,
            6,
            147,
            137,
            127,
            185,
            71,
            158,
            11,
            201,
            147,
            30,
            110,
            214,
            255,
            23,
            19,
            76,
            31,
            96,
            127,
            139,
            212,
            195,
            53,
            182,
            65,
            30,
            88,
            114,
            52,
            14,
            34,
            47,
            22,
            88,
            150,
            17,
            175,
            36,
            98,
            246,
            77,
            172
          ]
        }
      }
    ]
  ],
  [
    {
      "previous_output": "34ed9066ac572354dcd40c4260a23cd3124fab7431e0053a74ebee860135e338:1",
      "script_sig": "47304402200fb3b3023e04d53ab679e397bb9196fa3742e871e7ccb824cabe7c97adc52888022023e4b95b1f79728c1c5c5ec2878972518d971c2e628cee703b7cc9a5f940f978014104e5b0b776f183d59845bc63d074665a8062b77ee6c24e59507b6a4a02806720597a2d9ea9757b34c2e8b75875cb7071acebe138778f1472d10597abb48e22c51b",
      "sequence": 4294967295,
      "witness": []
    },
    [
      {
        "Some": [
          58,
          48,
          20,
          7,
          73,
          133,
          41,
          252,
          133,
          251,
          57,
          156,
          121,
          59,
          97,
          205,
          220,
          121,
          75,
          20,
          158,
          233,
          252,
          26,
          16,
          48,
          142,
          104,
          24,
          58,
          198,
          144
        ]
      },
      {
        "header_code": 126626,
        "amount": 1000000,
        "spk_ty": "PubKeyHash"
      }
    ]
  ]
]