[
  [
    {
      "previous_output": "6b0f8a73a56c04b519f1883e8aafda643ba61a30bd1439969df21bea5f4e27e2:0",
      "script_sig": "473044022016e7a727a061ea2254a6c358376aaa617ac537eb836c77d646ebda4c748aac8b0220192ce28bf9f2c06a6467e6531e27648d2b3e2e2bae85159c9242939840295ba501",
      "sequence": 4294967295,
      "witness": []
    },
    [
      {
        "Some": [
          55,
          41,
          2,
          81,
          15,
          69,
          75,
          84,
          160,
          9,
          71,
          119,
          32,
          58,
          58,
          164,
          82,
          11,
          33,
          236,
          178,
          84,
          178,
          146,
          99,
          49,
          156,
          222,
          207,
          39,
          144,
          60
        ]
      },
      {
        "header_code": 1092,
        "amount": 100000000,
        "spk_ty": {
          "Other": [
            65,
            4,
            106,
            7,
            101,
            181,
            134,
            86,
            65,
            206,
            8,
            221,
            57,
            105,
            10,
            173,
            226,
            109,
            251,
            245,
            81,
            20,
            48,
            202,
            66,
            138,
            48,
            137,
            38,
            19,
            97,
            206,
            241,
            112,
            227,
            146,
            154,
            104,
            174,
            227,
            216,
            212,
            132,
            139,
            12,
            81,
            17,
            176,
            163,
            123,
            130,
            184,
            106,
            213,
            89,
            253,
            42,
            116,
            91,
            68,
            216,
            232,
            217,
            223,
            220,
            12,
            172
          ]
        }
      }
    ]
  ],
  [
    {
      "previous_output": "6b0f8a73a56c04b519f1883e8aafda643ba61a30bd1439969df21bea5f4e27e2:1",
      "script_sig": "493046022100b7a1a755588d4190118936e15cd217d133b0e4a53c3c15924010d5648d8925c9022100aaef031874db2114f2d869ac2de4ae53908fbfea5b2b1862e181626bb9005c9f01",
      "sequence": 4294967295,
      "witness": []
    },
    [
      {
        "Some": [
          38,
          83,
          162,
          13,
          235,
          148,
          69,
          177,
          14,
          64,
          145,
          170,
          206,
          30,
          207,
          186,
          153,
          110,
          100,
          31,
          161,
          19,
          26,
          75,
          97,
          45,
          237,
          253,
          212,
          234,
          178,
          179
        ]
      },
      {
        "header_code": 1092,
        "amount": 2400000000,
        "spk_ty": {
          "Other": [
            65,
            4,
            106,
            7,
            101,
            181,
            134,
            86,
            65,
            206,
            8,
            221,
            57,
            105,
            10,
            173,
            226,
            109,
            251,
            245,
            81,
            20,
            48,
            202,
            66,
            138,
            48,
            137,
            38,
            19,
            97,
            206,
            241,
            112,
            227,
            146,
            154,
            104,
            174,
            227,
            216,
            212,
            132,
            139,
            12,
            81,
            17,
            176,
            163,
            123,
            130,
            184,
            106,
            213,
            89,
            253,
            42,
            116,
            91,
            68,
            216,
            232,
            217,
            223,
            220,
            12,
            172
          ]
        }
      }
    ]
  ],
  [
    {
      "previous_output": "28204cad1d7fc1d199e8ef4fa22f182de6258a3eaafe1bbe56ebdcacd3069a5f:0",
      "script_sig": "47304402205d6058484157235b06028c30736c15613a28bdb768ee628094ca8b0030d4d6eb0220328789c9a2ec27ddaec0ad5ef58efded42e6ea17c2e1ce838f3d6913f5e95db601",
      "sequence": 4294967295,
      "witness": []
    },
    [
      {
        "Some": [
          181,
          45,
          99,
          207,
          225,
          31,
          170,
          245,
          115,
          249,
          147,
          151,
          144,
          163,
          143,
          86,
          177,
          142,
          7,
          252,
          190,
          72,
          48,
          210,
          173,
          251,
          141,
          145,
          61,
          151,
          234,
          21
        ]
      },
      {
        "header_code": 1092,
        "amount": 100000000,
        "spk_ty": {
          "Other": [
            65,
            4,
            106,
            7,
            101,
            181,
            134,
            86,
            65,
            206,
            8,
            221,
            57,
            105,
            10,
            173,
            226,
            109,
            251,
            245,
            81,
            20,
            48,
            202,
            66,
            138,
            48,
            137,
            38,
            19,
            97,
            206,
            241,
            112,
            227,
            146,
            154,
            104,
            174,
            227,
            216,
            212,
            132,
            139,
            12,
            81,
            17,
            176,
            163,
            123,
            130,
            184,
            106,
            213,
            89,
            253,
            42,
            116,
            91,
            68,
            216,
            232,
            217,
            223,
            220,
            12,
            172
          ]
        }
      }
    ]
  ],
  [
    {
      "previous_output": "35288d269cee1941eaebb2ea85e32b42cdb2b04284a56d8b14dcc3f5c65d6055:0",
      "script_sig": "483045022100aa46504baa86df8a33b1192b1b9367b4d729dc41e389f2c04f3e5c7f0559aae702205e82253a54bf5c4f65b7428551554b2045167d6d206dfe6a2e198127d3f7df1501",
      "sequence": 4294967295,
      "witness": []
    },
    [
      {
        "Some": [
          136,
          90,
          241,
          26,
          0,
          138,
          245,
          222,
          164,
          47,
          156,
          130,
          108,
          85,
          80,
          50,
          132,
          61,
          33,
          150,
          85,
          230,
          104,
          62,
          218,
          17,
          32,
          200,
          133,
          73,
          178,
          103
        ]
      },
      {
        "header_code": 1090,
        "amount": 100000000,
        "spk_ty": {
          "Other": [
            65,
            4,
            74,
            101,
            111,
            6,
            88,
            113,
            163,
            83,
            242,
            22,
            202,
            38,
            206,
            248,
            221,
            226,
            240,
            62,
            140,
            22,
            32,
            45,
            46,
            138,
            215,
            105,
            240,
            32,
            50,
            203,
            134,
            165,
            235,
            94,
            86,
            132,
            46,
            146,
            225,
            145,
            65,
            214,
            10,
            1,
            146,
            143,
            141,
            210,
            200,
            117,
            163,
            144,
            246,
            124,
            31,
            108,
            148,
            207,
            198,
            23,
            192,
            234,
            69,
            175,
            172
          ]
        }
      }
    ]
  ],
  [
    {
      "previous_output": "35288d269cee1941eaebb2ea85e32b42cdb2b04284a56d8b14dcc3f5c65d6055:1",
      "script_sig": "47304402202329484c35fa9d6bb32a55a70c0982f606ce0e3634b69006138683bcd12cbb6602200c28feb1e2555c3210f1dddb299738b4ff8bbe9667b68cb8764b5ac17b7adf0001",
      "sequence": 4294967295,
      "witness": []
    },
    [
      {
        "Some": [
          169,
          230,
          92,
          233,
          81,
          130,
          99,
          251,
          46,
          172,
          144,
          252,
          84,
          228,
          155,
          133,
          50,
          233,
          180,
          170,
          100,
          141,
          48,
          132,
          64,
          172,
          17,
          252,
          85,
          21,
          140,
          183
        ]
      },
      {
        "header_code": 1090,
        "amount": 2400000000,
        "spk_ty": {
          "Other": [
            65,
            4,
            243,
            108,
            103,
            3,
            144,
            6,
            236,
            78,
            210,
            200,
            133,
            215,
            171,
            7,
            99,
            254,
            181,
            222,
            185,
            99,
            60,
            246,
            56,
            65,
            71,
            71,
            18,
            228,
            207,
            4,
            89,
            53,
            103,
            80,
            24,
            95,
            201,
            217,
            98,
            208,
            244,
            161,
            224,
            142,
            26,
            132,
            240,
            201,
            169,
            248,
            38,
            173,
            6,
            118,
            117,
            64,
            60,
            25,
            215,
            82,
            83,
            4,
            146,
            220,
            172
          ]
        }
      }
    ]
  ],
  [
    {
      "previous_output": "28204cad1d7fc1d199e8ef4fa22f182de6258a3eaafe1bbe56ebdcacd3069a5f:1",
      "script_sig": "493046022100c45af050d3cea806cedd0ab22520c53ebe63b987b8954146cdca42487b84bdd6022100b9b027716a6b59e640da50a864d6dd8a0ef24c76ce62391fa3eabaf4d2886d2d01",
      "sequence": 4294967295,
      "witness": []
    },
    [
      {
        "Some": [
          184,
          149,
          255,
          12,
          187,
          143,
          222,
          81,
          171,
          173,
          176,
          56,
          56,
          141,
          245,
          50,
          71,
          165,
          108,
          236,
          183,
          112,
          226,
          72,
          85,
          137,
          124,
          228,
          110,
          30,
          240,
          59
        ]
      },
      {
        "header_code": 1092,
        "amount": 2400000000,
        "spk_ty": {
          "Other": [
            65,
            4,
            74,
            101,
            111,
            6,
            88,
            113,
            163,
            83,
            242,
            22,
            202,
            38,
            206,
            248,
            221,
            226,
            240,
            62,
            140,
            22,
            32,
            45,
            46,
            138,
            215,
            105,
            240,
            32,
            50,
            203,
            134,
            165,
            235,
            94,
            86,
            132,
            46,
            146,
            225,
            145,
            65,
            214,
            10,
            1,
            146,
            143,
            141,
            210,
            200,
            117,
            163,
            144,
            246,
            124,
            31,
            108,
            148,
            207,
            198,
            23,
            192,
            234,
            69,
            175,
            172
          ]
        }
      }
    ]
  ]
]