[
  [
    {
      "previous_output": "a15842dc8622a7623348209dd156368c0376816304f44e3f6af19761f3b4e3bd:0",
      "script_sig": "4830450221008012fc4a2ae054fd9835bff65653e9dc9ba5e5de9509d26f5a3eb835ed120cf20220781c5f360f0c03e3b11d51d57a23e964a5ea9f522285ffbab41c56e1bbcf694c01",
      "sequence": 4294967295,
      "witness": []
    },
    [
      {
        "Some": [
          113,
          100,
          9,
          97,
          68,
          32,
          41,
          73,
          39,
          105,
          79,
          28,
          73,
          239,
          90,
          23,
          235,
          103,
          124,
          211,
          121,
          128,
          145,
          31,
          134,
          36,
          24,
          88,
          108,
          38,
          103,
          32
        ]
      },
      {
        "header_code": 75325,
        "amount": 5000000000,
        "spk_ty": {
          "Other": [
            65,
            4,
            23,
            128,
            165,
            6,
            141,
            52,
            50,
            121,
            220,
            59,
            100,
            103,
            190,
            54,
            145,
            44,
            64,
            119,
            10,
            204,
            112,
            212,
            180,
            160,
            15,
            120,
            49,
            15,
            200,
            18,
            167,
            184,
            253,
            86,
            54,
            48,
            108,
            209,
            132,
            119,
            202,
            249,
            2,
            62,
            203,
            25,
            36,
            45,
            21,
            68,
            108,
            37,
            70,
            95,
            149,
            18,
            0,
            108,
            40,
            154,
            177,
            114,
            239,
            239,
            172
          ]
        }
      }
    ]
  ],
  [
    {
      "previous_output": "1757800fdb08f1b7f5a2e36904e03a4bf006024401abaebc8b5820824f87a874:0",
      "script_sig": "493046022100c9a89b104a5cb107b614ff380f024de49acc4d14c1dd0025b2475a2be127425f022100c699adf309cb9b172671c28cbb2e582338e86b26c7226afe347bf57a03a39c4301",
      "sequence": 4294967295,
      "witness": []
    },
    [
      {
        "Some": [
          123,
          13,
          246,
          166,
          2,
          95,
          219,
          123,
          45,
          254,
          75,
          185,
          8,
          229,
          88,
          32,
          186,
          77,
          249,
          170,
          132,
          117,
          234,
          230,
          247,
          252,
          87,
          141,
          240,
          216,
          98,
          197
        ]
      },
      {
        "header_code": 75175,
        "amount": 5000000000,
        "spk_ty": {
          "Other": [
            65,
            4,
            133,
            156,
            55,
            33,
            215,
            83,
            18,
            213,
            147,
            104,
            248,
            25,
            176,
            222,
            158,
            13,
            172,
            221,
            203,
            198,
            150,
            70,
            103,
            247,
            207,
            121,
            206,
            209,
            232,
            58,
            168,
            163,
            239,
            173,
            205,
            30,
            242,
            219,
            10,
            57,
            168,
            255,
            102,
            10,
            30,
            9,
            28,
            158,
            137,
            65,
            17,
            181,
            134,
            41,
            209,
            27,
            139,
            43,
            91,
            118,
            232,
            135,
            160,
            244,
            172
          ]
        }
      }
    ]
  ],
  [
    {
      "previous_output": "d2f4a9fc167261bf5761f8a50d676886b136eee9ffdcdfe111f287760c004ec6:0",
      "script_sig": "47304402202cab8d7ec1ba567533da8c65276e0aec95f22565af659eb5f4d212df7e5bc5fb0220380e21df2b248aa6296c6458a6221bd82e7c8cf69293419c9205d0bf30f9318501",
      "sequence": 4294967295,
      "witness": []
    },
    [
      {
        "Some": [
          252,
          52,
          208,
          235,
          158,
          60,
          35,
          134,
          51,
          40,
          219,
          187,
          125,
          93,
          227,
          252,
          155,
          34,
          88,
          215,
          198,
          180,
          110,
          193,
          103,
          91,
          218,
          106,
          160,
          184,
          140,
          253
        ]
      },
      {
        "header_code": 75151,
        "amount": 5000000000,
        "spk_ty": {
          "Other": [
            65,
            4,
            254,
            79,
            188,
            230,
            178,
            225,
            252,
            67,
            0,
            85,
            143,
            236,
            181,
            5,
            124,
            241,
            250,
            191,
            25,
            77,
            134,
            56,
            237,
            237,
            85,
            129,
            128,
            224,
            53,
            167,
            34,
            159,
            68,
            103,
            203,
            88,
            245,
            226,
            185,
            35,
            110,
            244,
            225,
            26,
            251,
            121,
            251,
            126,
            252,
            26,
            104,
            180,
            42,
            58,
            136,
            48,
            217,
            182,
            142,
            85,
            111,
            26,
            113,
            44,
            172
          ]
        }
      }
    ]
  ],
  [
    {
      "previous_output": "9ea47aa39943c3979c17b9b493b9dedf0119f07ffeed511c3d82714116385892:0",
      "script_sig": "493046022100fbcb45e3712e166ae5fb357d96874e5bc94f279794d98377ef4784ce7f288190022100bb3fc8e494747d0cc7257496001010c4f4991f2aa07b17ff9b2d329bf81d30e101",
      "sequence": 4294967295,
      "witness": []
    },
    [
      {
        "Some": [
          161,
          50,
          104,
          129,
          111,
          33,
          201,
          106,
          146,
          75,
          26,
          142,
          85,
          174,
          247,
          65,
          84,
          154,
          73,
          79,
          81,
          244,
          158,
          37,
          189,
          214,
          181,
          237,
          249,
          120,
          98,
          113
        ]
      },
      {
        "header_code": 75259,
        "amount": 5000000000,
        "spk_ty": {
          "Other": [
            65,
            4,
            75,
            148,
            39,
            82,
            4,
            166,
            69,
            227,
            215,
            38,
            98,
            194,
            121,
            189,
            81,
            175,
            196,
            8,
            218,
            225,
            32,
            127,
            239,
            229,
            184,
            210,
            155,
            238,
            53,
            131,
            190,
            135,
            193,
            167,
            234,
            216,
            252,
            69,
            33,
            93,
            123,
            57,
            218,
            96,
            161,
            37,
            109,
            0,
            150,
            244,
            119,
            70,
            27,
            74,
            60,
            178,
            249,
            196,
            167,
            57,
            170,
            20,
            146,
            210,
            172
          ]
        }
      }
    ]
  ],
  [
    {
      "previous_output": "2847ae66175042438532c2eccc5b39935fd1216453e62e2c3cb9c8e5020cc771:0",
      "script_sig": "493046022100971897b359aca2616df025377d05c1339b9a63620d52028d99ebd0e0a01b180e022100e4b37d72a9ae72aa0017da6cee96bc18105d56e90ab4abbea39600f95934b4eb0141042334a5452c4946f8084beecd95b8caea561c1c0ab659bed9a2e6d7ba9f02c7de08886646bd5d9147d4205ec0eef9cd25f72accdd1cda88aa565822734b9369d7",
      "sequence": 4294967295,
      "witness": []
    },
    [
      {
        "Some": [
          17,
          202,
          77,
          53,
          76,
          37,
          35,
          141,
          35,
          211,
          252,
          146,
          162,
          78,
          0,
          121,
          84,
          58,
          186,
          176,
          21,
          46,
          83,
          158,
          129,
          51,
          10,
          63,
          127,
          120,
          213,
          183
        ]
      },
      {
        "header_code": 75234,
        "amount": 65000000000,
        "spk_ty": "PubKeyHash"
      }
    ]
  ],
  [
    {
      "previous_output": "99b5fbe6311160c57bff042bf49faf0edbf2520f09237b46d1b996588f4d4e44:0",
      "script_sig": "493046022100dcdfe52b819416a110da00391129361ca29ca8560ee4b2e24a84327949578f88022100a09392c7610f5b3326419f9bb7bdab1500f0bc5683346315608458fe13c5bc0401",
      "sequence": 4294967295,
      "witness": []
    },
    [
      {
        "Some": [
          92,
          140,
          129,
          219,
          98,
          253,
          139,
          12,
          166,
          93,
          15,
          27,
          228,
          235,
          80,
          227,
          95,
          107,
          169,
          29,
          121,
          181,
          56,
          32,
          184,
          86,
          201,
          162,
          35,
          201,
          32,
          52
        ]
      },
      {
        "header_code": 75305,
        "amount": 5000000000,
        "spk_ty": {
          "Other": [
            65,
            4,
            15,
            116,
            88,
            33,
            240,
            165,
            158,
            231,
            37,
            180,
            145,
            133,
            55,
            33,
            63,
            34,
            197,
            230,
            29,
            79,
            148,
            99,
            185,
            211,
            14,
            96,
            236,
            38,
            63,
            24,
            169,
            106,
            145,
            248,
            142,
            216,
            86,
            30,
            57,
            88,
            8,
            48,
            123,
            208,
            54,
            11,
            62,
            27,
            122,
            12,
            107,
            98,
            145,
            158,
            134,
            219,
            197,
            39,
            134,
            157,
            147,
            245,
            251,
            224,
            172
          ]
        }
      }
    ]
  ],
  [
    {
      "previous_output": "d6c930e36474e19f84d687abe98baea69662672fc717a8fa45b77208ffa3e6bb:0",
      "script_sig": "48304502202dc6635fa507edf761086b0ec06b516a96f7a3da88ad772c56d20d64fd84238f022100cacd196efaa3da92c520ef45e62475e0fff000b11354a0db42f943b8374ad12601",
      "sequence": 4294967295,
      "witness": []
    },
    [
      {
        "Some": [
          86,
          201,
          185,
          102,
          153,
          155,
          129,
          63,
          175,
          125,
          126,
          189,
          47,
          237,
          184,
          116,
          37,
          194,
          239,
          224,
          253,
          68,
          162,
          41,
          157,
          149,
          54,
          33,
          55,
          50,
          51,
          169
        ]
      },
      {
        "header_code": 75321,
        "amount": 5000000000,
        "spk_ty": {
          "Other": [
            65,
            4,
            158,
            15,
            154,
            116,
            193,
            163,
            12,
            57,
            64,
            215,
            118,
            140,
            59,
            81,
            0,
            113,
            100,
            171,
            50,
            110,
            51,
            248,
            140,
            134,
            215,
            198,
            131,
            129,
            212,
            20,
            58,
            95,
            6,
            132,
            67,
            245,
            103,
            220,
            106,
            247,
            20,
            105,
            142,
            47,
            82,
            238,
            108,
            50,
            138,
            179,
            166,
            129,
            47,
            113,
            34,
            25,
            137,
            233,
            188,
            100,
            44,
            3,
            37,
            1,
            172
          ]
        }
      }
    ]
  ],
  [
    {
      "previous_output": "f499fcb45a9780a3f98c0add9bdd5e83e14a0608607356bb31f44843151a2f18:0",
      "script_sig": "493046022100921b8f19c3cbcfd09521ba1781fe66852a255b218b9557957b5e6a20be73e5fd022100c734ab6c8761ecd4f858bc5c809c6bc8a9dc2b0d077942a9840d850978af230c01",
      "sequence": 4294967295,
      "witness": []
    },
    [
      {
        "Some": [
          172,
          50,
          0,
          46,
          22,
          196,
          60,
          212,
          103,
          80,
          52,
          66,
          22,
          90,
          204,
          82,
          149,
          178,
          11,
          32,
          222,
          222,
          90,
          238,
          61,
          179,
          186,
          102,
          131,
          156,
          150,
          29
        ]
      },
      {
        "header_code": 75521,
        "amount": 5000000000,
        "spk_ty": {
          "Other": [
            65,
            4,
            212,
            160,
            128,
            220,
            12,
            236,
            162,
            41,
            89,
            138,
            35,
            129,
            204,
            87,
            35,
            35,
            36,
            234,
            103,
            66,
            223,
            212,
            250,
            202,
            100,
            112,
            60,
            3,
            182,
            9,
            126,
            159,
            164,
            135,
            155,
            88,
            224,
            186,
            4,
            131,
            255,
            39,
            85,
            48,
            235,
            56,
            233,
            207,
            211,
            6,
            75,
            10,
            16,
            13,
            245,
            222,
            223,
            61,
            187,
            96,
            151,
            247,
            131,
            61,
            172
          ]
        }
      }
    ]
  ],
  [
    {
      "previous_output": "c2331ecfcdc035537c82989d5608d9e995e852816c96991a23ea34658c444078:0",
      "script_sig": "483045022100f093fe09ab41d8782898b64d3605ce323b0a98839404f597f5312b533ba348da02201e7c11a81f527b8c08bd0c3df3939497fea9123f18a0f357126a8d5f4324d58a01",
      "sequence": 4294967295,
      "witness": []
    },
    [
      {
        "Some": [
          144,
          3,
          19,
          129,
          69,
          29,
          14,
          133,
          232,
          224,
          146,
          26,
          255,
          32,
          127,
          95,
          98,
          207,
          43,
          125,
          252,
          230,
          225,
          172,
          153,
          129,
          221,
          122,
          5,
          169,
          39,
          177
        ]
      },
      {
        "header_code": 75115,
        "amount": 5000000000,
        "spk_ty": {
          "Other": [
            65,
            4,
            75,
            63,
            195,
            158,
            42,
            29,
            177,
            188,
            184,
            18,
            9,
            198,
            187,
            72,
            204,
            163,
            224,
            130,
            51,
            199,
            109,
            43,
            35,
            176,
            127,
            81,
            133,
            51,
            79,
            81,
            112,
            77,
            163,
            242,
            246,
            171,
            205,
            177,
            127,
            7,
            7,
            37,
            35,
            94,
            12,
            218,
            214,
            103,
            44,
            19,
            175,
            229,
            12,
            7,
            59,
            4,
            247,
            156,
            239,
            15,
            204,
            152,
            108,
            167,
            172
          ]
        }
      }
    ]
  ],
  [
    {
      "previous_output": "eca22ce19d0d4c29dc1f64e489630a00f2fc8c0534c4f4761b604a9108ab88d8:0",
      "script_sig": "4930460221009d2fd34a1060cbf9d2532f04b42d77920c231bba9f40cdb5faa8ac4478c97670022100c6a48583c47e7633c338162519976d8be809e196efcc0c13941a2511203b2f1f01",
      "sequence": 4294967295,
      "witness": []
    },
    [
      {
        "Some": [
          47,
          242,
          206,
          238,
          196,
          42,
          138,
          217,
          157,
          71,
          83,
          131,
          112,
          175,
          175,
          197,
          131,
          103,
          78,
          98,
          156,
          28,
          57,
          141,
          183,
          233,
          216,
          248,
          198,
          237,
          196,
          71
        ]
      },
      {
        "header_code": 75381,
        "amount": 5000000000,
        "spk_ty": {
          "Other": [
            65,
            4,
            197,
            13,
            75,
            223,
            243,
            242,
            233,
            27,
            229,
            73,
            196,
            131,
            131,
            110,
            212,
            179,
            244,
            160,
            253,
            205,
            117,
            178,
            105,
            48,
            236,
            227,
            179,
            31,
            59,
            115,
            17,
            190,
            205,
            247,
            161,
            207,
            168,
            152,
            148,
            37,
            229,
            247,
            93,
            36,
            29,
            99,
            138,
            165,
            212,
            71,
            24,
            5,
            123,
            34,
            81,
            165,
            188,
            219,
            13,
            125,
            142,
            20,
            244,
            218,
            172
          ]
        }
      }
    ]
  ],
  [
    {
      "previous_output": "7f366ab7fffa324679e2b61a7562f0e82d8cbcbf6b032a39922a2969987f3e0d:0",
      "script_sig": "493046022100983d346e05091f4c1916c83a7dbf8c914d9f9aeb1fa8e02fb9951cce8d0c04f4022100ad81d1d435672074593675d60f8770c82b36eb1b904cfd01b037c3450a181fdd01",
      "sequence": 4294967295,
      "witness": []
    },
    [
      {
        "Some": [
          194,
          127,
          79,
          5,
          43,
          27,
          192,
          182,
          178,
          157,
          197,
          54,
          132,
          94,
          39,
          163,
          24,
          238,
          221,
          80,
          92,
          200,
          171,
          195,
          80,
          178,
          63,
          53,
          47,
          93,
          243,
          143
        ]
      },
      {
        "header_code": 75077,
        "amount": 5000000000,
        "spk_ty": {
          "Other": [
            65,
            4,
            3,
            255,
            2,
            53,
            77,
            190,
            147,
            73,
            104,
            22,
            51,
            122,
            122,
            86,
            71,
            215,
            199,
            138,
            113,
            76,
            67,
            219,
            186,
            198,
            228,
            195,
            160,
            45,
            198,
            8,
            91,
            180,
            32,
            209,
            27,
            206,
            102,
            66,
            65,
            82,
            230,
            188,
            236,
            80,
            244,
            185,
            35,
            40,
            222,
            86,
            132,
            179,
            213,
            125,
            125,
            237,
            144,
            237,
            144,
            216,
            171,
            212,
            196,
            205,
            172
          ]
        }
      }
    ]
  ],
  [
    {
      "previous_output": "6a43325dc0a1dfd17020788262550e7d222f7cf601663f88ea186ac61efa64e2:0",
      "script_sig": "47304402207fcd6dd1c170b5f8239fa6659468948b3d1e02de976994a7fb39ebcdf1ec8fc0022050212e8cb4373f272f633307cb5662651d64cf8a89d804a65888e869e18fd8e501",
      "sequence": 4294967295,
      "witness": []
    },
    [
      {
        "Some": [
          137,
          239,
          243,
          171,
          107,
          207,
          87,
          125,
          99,
          30,
          176,
          44,
          233,
          146,
          129,
          145,
          10,
          108,
          26,
          3,
          92,
          225,
          73,
          102,
          16,
          95,
          108,
          176,
          125,
          245,
          148,
          243
        ]
      },
      {
        "header_code": 75365,
        "amount": 5000000000,
        "spk_ty": {
          "Other": [
            65,
            4,
            51,
            100,
            0,
            85,
            212,
            72,
            230,
            1,
            25,
            8,
            219,
            35,
            5,
            46,
            53,
            240,
            229,
            86,
            153,
            71,
            53,
            16,
            167,
            216,
            104,
            158,
            168,
            151,
            116,
            121,
            26,
            175,
            57,
            170,
            159,
            194,
            55,
            89,
            111,
            74,
            67,
            212,
            245,
            217,
            209,
            55,
            15,
            168,
            220,
            207,
            39,
            52,
            180,
            74,
            230,
            217,
            177,
            200,
            49,
            178,
            196,
            193,
            222,
            180,
            172
          ]
        }
      }
    ]
  ]
]