[
  [
    {
      "previous_output": "9f3510b97b59df6a079f66b70fde9a0aa47d83c2cb3b0ca9a67969336f6c5369:0",
      "script_sig": "473044022053e60b02f097a5e6780dc2e9bc9e0de62ab95f28fa5ac690b1149b139151521202202dea498e3b552531553b4f1e6139a63f76b320969d0dc20a2c4e06db113a94e201",
      "sequence": 4294967295,
      "witness": []
    },
    [
      {
        "Some": [
          175,
          61,
          5,
          97,
          42,
          206,
          159,
          10,
          94,
          62,
          35,
          58,
          142,
          61,
          229,
          161,
          211,
          179,
          232,
          67,
          43,
          213,
          194,
          254,
          211,
          1,
          181,
          252,
          169,
          165,
          72,
          21
        ]
      },
      {
        "header_code": 65147,
        "amount": 5000000000,
        "spk_ty": {
          "Other": [
            65,
            4,
            97,
            48,
            138,
            148,
            254,
            167,
            30,
            129,
            253,
            132,
            195,
            247,
            215,
            135,
            253,
            27,
            80,
            177,
            8,
            206,
            231,
            1,
            37,
            9,
            214,
            70,
            234,
            59,
            237,
            189,
            62,
            34,
            246,
            1,
            66,
            187,
            206,
            183,
            138,
            253,
            183,
            238,
            172,
            131,
            225,
            245,
            1,
            112,
            251,
            73,
            249,
            28,
            117,
            163,
            152,
            174,
            190,
            27,
            186,
            163,
            62,
            132,
            199,
            4,
            172
          ]
        }
      }
    ]
  ],
  [
    {
      "previous_output": "ccf9605785a99a1a3cbf8705c307ab188391007757f57077773c709c2ca1e7cc:0",
      "script_sig": "483045022032b5ab2b7cf6070766c88d378d7ada7986321bdbdd3c3cf5ad5f1c7bc7f44b66022100a0070858524cb0c350b2a38a04e4acd4ec45fc24fc2374f2fa51d579db81c2ac01",
      "sequence": 4294967295,
      "witness": []
    },
    [
      {
        "Some": [
          88,
          120,
          92,
          233,
          222,
          161,
          24,
          249,
          110,
          119,
          255,
          252,
          116,
          171,
          191,
          6,
          103,
          20,
          82,
          85,
          23,
          30,
          224,
          64,
          237,
          136,
          135,
          132,
          74,
          248,
          173,
          3
        ]
      },
      {
        "header_code": 62013,
        "amount": 5000000000,
        "spk_ty": {
          "Other": [
            65,
            4,
            103,
            205,
            134,
            42,
            188,
            99,
            249,
            147,
            59,
            186,
            105,
            82,
            110,
            134,
            34,
            58,
            153,
            188,
            143,
            249,
            47,
            30,
            240,
            92,
            153,
            65,
            229,
            215,
            244,
            67,
            42,
            71,
            126,
            16,
            243,
            123,
            88,
            2,
            189,
            184,
            135,
            116,
            27,
            220,
            141,
            57,
            216,
            102,
            178,
            94,
            114,
            207,
            10,
            127,
            119,
            127,
            68,
            226,
            78,
            229,
            48,
            248,
            142,
            92,
            172
          ]
        }
      }
    ]
  ],
  [
    {
      "previous_output": "10147e93fbd565db9e360b4550c5fbf40143be29aa8069e6fe628edb2095d5c5:0",
      "script_sig": "493046022100e24a5ae625db7333b4e6c0940304b8a4f389d9becae92eafd1c9df01953fd604022100b5a397cb8551aa64db8e7dc1420dee7e5b53a16a52c50e2ff0cc6ac3031b439d01",
      "sequence": 4294967295,
      "witness": []
    },
    [
      {
        "Some": [
          89,
          183,
          21,
          170,
          244,
          199,
          202,
          182,
          207,
          144,
          195,
          188,
          3,
          253,
          203,
          244,
          184,
          69,
          80,
          190,
          73,
          110,
          33,
          183,
          199,
          28,
          100,
          180,
          14,
          229,
          75,
          195
        ]
      },
      {
        "header_code": 63069,
        "amount": 5000000000,
        "spk_ty": {
          "Other": [
            65,
            4,
            206,
            207,
            210,
            116,
            233,
            130,
            49,
            64,
            207,
            91,
            154,
            153,
            246,
            26,
            174,
            139,
            103,
            21,
            213,
            243,
            46,
            94,
            108,
            93,
            50,
            0,
            128,
            155,
            112,
            96,
            174,
            210,
            214,
            9,
            183,
            57,
            74,
            95,
            223,
            4,
            5,
            213,
            221,
            200,
            13,
            173,
            150,
            154,
            174,
            5,
            89,
            121,
            194,
            225,
            238,
            184,
            197,
            73,
            64,
            176,
            236,
            48,
            253,
            34,
            172
          ]
        }
      }
    ]
  ],
  [
    {
      "previous_output": "426794de430ae26fa32c16eca091bae685e7521ec91e16aaee36788a28738c64:0",
      "script_sig": "47304402202bd94e0a76365d5d718832ac9292f7fdfd6141da96bc46456307ec20e19eb6130220197b08a3b78a032cf67dece5fc98e9fea598b8462706a66f05f9d6689899b78101",
      "sequence": 4294967295,
      "witness": []
    },
    [
      {
        "Some": [
          183,
          69,
          198,
          255,
          12,
          164,
          87,
          84,
          80,
          14,
          14,
          113,
          248,
          220,
          167,
          23,
          63,
          178,
          150,
          46,
          39,
          154,
          177,
          93,
          156,
          238,
          31,
          15,
          43,
          114,
          187,
          120
        ]
      },
      {
        "header_code": 60031,
        "amount": 5000000000,
        "spk_ty": {
          "Other": [
            65,
            4,
            167,
            26,
            42,
            30,
            147,
            48,
            218,
            173,
            37,
            207,
            119,
            215,
            176,
            16,
            229,
            13,
            134,
            152,
            100,
            70,
            123,
            139,
            65,
            141,
            28,
            231,
            189,
            179,
            38,
            139,
            141,
            237,
            247,
            174,
            5,
            111,
            160,
            66,
            206,
            137,
            213,
            176,
            218,
            128,
            110,
            30,
            217,
            214,
            176,
            108,
            72,
            24,
            116,
            154,
            70,
            68,
            197,
            53,
            93,
            166,
            163,
            5,
            28,
            74,
            172
          ]
        }
      }
    ]
  ],
  [
    {
      "previous_output": "199ef229bc11e19681be551cd1c2368ce2e67b2d7f74b555bd4a47f588380361:0",
      "script_sig": "483045022062c8fda04b10c96cf3b6b4dae442c499394f5272179538511fea566768bc4ddb0221009e3007698632f0f950f24c6b17c1d455106e0d13c609e888c980478d9489edb001",
      "sequence": 4294967295,
      "witness": []
    },
    [
      {
        "Some": [
          3,
          54,
          102,
          22,
          104,
          127,
          82,
          50,
          130,
          97,
          248,
          28,
          224,
          193,
          143,
          192,
          139,
          210,
          169,
          33,
          92,
          64,
          123,
          196,
          12,
          176,
          20,
          46,
          125,
          204,
          89,
          239
        ]
      },
      {
        "header_code": 63097,
        "amount": 5000000000,
        "spk_ty": {
          "Other": [
            65,
            4,
            158,
            252,
            133,
            190,
            96,
            60,
            183,
            94,
            62,
            48,
            4,
            218,
            64,
            67,
            130,
            158,
            64,
            58,
            70,
            188,
            78,
            67,
            166,
            202,
            184,
            222,
            165,
            54,
            126,
            4,
            19,
            120,
            42,
            56,
            56,
            175,
            164,
            69,
            50,
            190,
            137,
            232,
            71,
            165,
            152,
            157,
            92,
            48,
            174,
            2,
            237,
            203,
            43,
            193,
            33,
            86,
            216,
            209,
            197,
            125,
            97,
            60,
            99,
            75,
            172
          ]
        }
      }
    ]
  ],
  [
    {
      "previous_output": "6043a32be2320fb5d4d99886d2df3064e83d23d0f34558f7da2177c61f2c7e79:1",
      "script_sig": "473044022014050640a05c1928e50e0d1c0a2be3d77e8d8dc7fa196e947ef53cb295faf664022054e28490421bbff9cb61380b8bc21b28800a9d56766fbef17473ecbe94e408ce01",
      "sequence": 4294967295,
      "witness": []
    },
    [
      {
        "Some": [
          133,
          99,
          39,
          168,
          63,
          141,
          96,
          182,
          245,
          117,
          224,
          169,
          207,
          186,
          74,
          178,
          93,
          169,
          26,
          177,
          171,
          71,
          55,
          163,
          144,
          75,
          29,
          22,
          133,
          245,
          240,
          18
        ]
      },
      {
        "header_code": 98152,
        "amount": 100000000,
        "spk_ty": {
          "Other": [
            65,
            4,
            73,
            128,
            255,
            167,
            102,
            153,
            46,
            156,
            239,
            200,
            236,
            239,
            124,
            146,
            178,
            33,
            200,
            236,
            180,
            184,
            73,
            123,
            181,
            178,
            145,
            210,
            203,
            90,
            134,
            222,
            136,
            79,
            158,
            187,
            221,
            123,
            200,
            201,
            62,
            110,
            234,
            140,
            75,
            163,
            64,
            87,
            148,
            243,
            78,
            2,
            96,
            231,
            21,
            94,
            187,
            131,
            29,
            114,
            129,
            186,
            72,
            177,
            76,
            108,
            172
          ]
        }
      }
    ]
  ],
  [
    {
      "previous_output": "122b3e9d4c422fc164a62c626006b98d1d1b8242e0138d3a5b674ce85750214a:0",
      "script_sig": "47304402200fa7f005574f01735a5f4de268915173a92c65b8d00cc805c294ed37a81457c9022034398a3979254d09e716752e60c85cdd382177fee7ec521034a69ebd4fc5860801",
      "sequence": 4294967295,
      "witness": []
    },
    [
      {
        "Some": [
          156,
          204,
          242,
          5,
          112,
          197,
          10,
          215,
          145,
          245,
          66,
          222,
          58,
          247,
          63,
          95,
          141,
          182,
          146,
          148,
          33,
          186,
          100,
          85,
          63,
          231,
          131,
          144,
          205,
          143,
          105,
          103
        ]
      },
      {
        "header_code": 60803,
        "amount": 5000000000,
        "spk_ty": {
          "Other": [
            65,
            4,
            101,
            176,
            248,
            165,
            49,
            9,
            154,
            224,
            77,
            34,
            84,
            15,
            21,
            30,
            141,
            42,
            181,
            90,
            227,
            1,
            231,
            177,
            87,
            160,
            50,
            120,
            3,
            106,
            44,
            206,
            103,
            81,
            126,
            194,
            161,
            130,
            109,
            101,
            206,
            56,
            108,
            146,
            255,
            151,
            168,
            255,
            93,
            104,
            250,
            130,
            229,
            172,
            130,
            64,
            241,
            125,
            8,
            169,
            62,
            52,
            38,
            47,
            190,
            175,
            172
          ]
        }
      }
    ]
  ],
  [
    {
      "previous_output": "d61de7c03a14f985c4f4c221ea18a99c665aab257e089a8e1faea02415345d4c:0",
      "script_sig": "48304502203e3028703b7d652ddc6920660fa27a70d9cf1ad8f26dd6ce3ee5a990541d789f022100cefe0c3e86e7cce98a36e4d13c3ef2d11f748aaa37b2846d82b3eff4d8587b4201",
      "sequence": 4294967295,
      "witness": []
    },
    [
      {
        "Some": [
          90,
          111,
          210,
          238,
          209,
          203,
          222,
          66,
          108,
          168,
          162,
          52,
          169,
          13,
          89,
          75,
          60,
          198,
          182,
          51,
          190,
          75,
          40,
          185,
          168,
          127,
          53,
          170,
          202,
          119,
          220,
          255
        ]
      },
      {
        "header_code": 61813,
        "amount": 5000000000,
        "spk_ty": {
          "Other": [
            65,
            4,
            34,
            5,
            74,
            83,
            220,
            188,
            115,
            55,
            217,
            163,
            151,
            246,
            128,
            150,
            198,
            81,
            242,
            249,
            102,
            58,
            207,
            172,
            249,
            176,
            143,
            41,
            197,
            202,
            223,
            230,
            109,
            240,
            60,
            154,
            140,
            234,
            149,
            244,
            168,
            221,
            40,
            186,
            105,
            139,
            107,
            200,
            22,
            156,
            251,
            161,
            6,
            69,
            214,
            202,
            24,
            61,
            66,
            232,
            179,
            23,
            194,
            10,
            90,
            180,
            172
          ]
        }
      }
    ]
  ],
  [
    {
      "previous_output": "738454b215463834bbedfe44ba533c450aa443691c4a7297683ad099abb169ac:0",
      "script_sig": "483045022011e16e16a0370999698d7795bdcee314f7773ec6389fdc0a98f175cefd970c81022100ef822edac9d5d65416419a19ee12168316320335fe8dbb8181c49e5e0bf3eb4001",
      "sequence": 4294967295,
      "witness": []
    },
    [
      {
        "Some": [
          5,
          199,
          175,
          192,
          163,
          226,
          240,
          27,
          231,
          252,
          80,
          136,
          67,
          177,
          182,
          1,
          218,
          9,
          7,
          71,
          14,
          58,
          189,
          102,
          17,
          53,
          100,
          107,
          113,
          190,
          158,
          121
        ]
      },
      {
        "header_code": 97895,
        "amount": 5000000000,
        "spk_ty": {
          "Other": [
            65,
            4,
            130,
            195,
            140,
            205,
            236,
            84,
            211,
            143,
            135,
            147,
            113,
            109,
            9,
            160,
            118,
            88,
            60,
            44,
            141,
            132,
            3,
            97,
            123,
            8,
            110,
            21,
            161,
            135,
            78,
            67,
            81,
            114,
            81,
            113,
            33,
            131,
            125,
            38,
            120,
            54,
            19,
            127,
            76,
            83,
            224,
            16,
            245,
            241,
            237,
            20,
            41,
            200,
            206,
            223,
            139,
            210,
            99,
            11,
            102,
            22,
            144,
            129,
            46,
            207,
            172
          ]
        }
      }
    ]
  ],
  [
    {
      "previous_output": "e4fccafdecdd89a81605a34a6c7a0305ec7d7552dbec97b1612d373d3817bc7d:1",
      "script_sig": "483045022100f7762512f50681021cb5aa8b14550f9088aa9006608c8bbfba9bceecb990090c0220641ec8684e7760b7facc62fc1398553ad8e480877e1eafb44de3539c63c6bb7001410459e030fcc816d77fba3450702cc4b31053e7a439a819868a1a07554370b31f1dee9d9c2c295d1a08e2206f2c5eed1f3563fcf39045e92ea44e4becce452759b9",
      "sequence": 4294967295,
      "witness": []
    },
    [
      {
        "Some": [
          240,
          50,
          108,
          56,
          188,
          118,
          197,
          119,
          8,
          69,
          13,
          108,
          134,
          155,
          68,
          210,
          229,
          246,
          69,
          248,
          137,
          175,
          120,
          101,
          210,
          163,
          223,
          204,
          39,
          250,
          230,
          67
        ]
      },
      {
        "header_code": 98152,
        "amount": 80000000,
        "spk_ty": "PubKeyHash"
      }
    ]
  ],
  [
    {
      "previous_output": "56ea78e12cf20ffa1b7353f295d8fedddb0a17d110da24f01559cc1b4c1ffd4b:0",
      "script_sig": "47304402203e0be055381ff8746205ff2f3fb80ab2c6046b55e32eb30df58e837072d6c41a02206b0e443ff5a8cc044db73244c5879e3aebf5785ce992ae3b79ba196c8c1ff44b01",
      "sequence": 4294967295,
      "witness": []
    },
    [
      {
        "Some": [
          30,
          160,
          227,
          118,
          224,
          26,
          52,
          14,
          113,
          184,
          243,
          189,
          198,
          127,
          162,
          129,
          17,
          250,
          126,
          37,
          55,
          167,
          54,
          125,
          109,
          208,
          29,
          210,
          199,
          117,
          150,
          229
        ]
      },
      {
        "header_code": 63205,
        "amount": 5000000000,
        "spk_ty": {
          "Other": [
            65,
            4,
            133,
            147,
            202,
            168,
            178,
            208,
            169,
            119,
            118,
            177,
            229,
            22,
            122,
            177,
            52,
            71,
            140,
            67,
            29,
            117,
            180,
            178,
            148,
            206,
            37,
            170,
            235,
            86,
            36,
            70,
            173,
            9,
            97,
            39,
            241,
            20,
            174,
            114,
            232,
            244,
            44,
            37,
            80,
            152,
            43,
            123,
            80,
            236,
            129,
            195,
            45,
            163,
            120,
            39,
            98,
            80,
            212,
            191,
            127,
            188,
            14,
            41,
            27,
            182,
            172
          ]
        }
      }
    ]
  ],
  [
    {
      "previous_output": "7659bd30329d3fb31c839f90c3095370e5c0d7539a13be96f5917237f23eeb1c:0",
      "script_sig": "48304502203cb394f6ec5845bdab219c714b0655cb4474f22ed09096c8831261d30c9c080f02210089bbdcef6c7da9cf2c05a6fa399ae02a87b3a873ae07a6c979f89c0fe2f04d3f01",
      "sequence": 4294967295,
      "witness": []
    },
    [
      {
        "Some": [
          220,
          71,
          172,
          81,
          2,
          200,
          215,
          158,
          195,
          7,
          11,
          164,
          196,
          248,
          185,
          220,
          140,
          115,
          134,
          165,
          154,
          49,
          115,
          85,
          174,
          182,
          135,
          235,
          202,
          36,
          208,
          94
        ]
      },
      {
        "header_code": 98152,
        "amount": 50000000000,
        "spk_ty": {
          "Other": [
            65,
            4,
            123,
            35,
            106,
            66,
            179,
            255,
            222,
            248,
            132,
            255,
            98,
            116,
            21,
            115,
            194,
            216,
            41,
            242,
            62,
            114,
            251,
            211,
            209,
            153,
            16,
            17,
            226,
            79,
            147,
            212,
            113,
            133,
            255,
            48,
            55,
            48,
            66,
            85,
            217,
            254,
            104,
            28,
            35,
            108,
            238,
            87,
            205,
            174,
            114,
            189,
            10,
            38,
            163,
            159,
            195,
            203,
            71,
            49,
            154,
            172,
            100,
            189,
            132,
            157,
            172
          ]
        }
      }
    ]
  ],
  [
    {
      "previous_output": "1326fdb85643e05494f1de8e3d2caf8973b7b888ab20f3fd4d90e39178e7ef48:0",
      "script_sig": "48304502210092ea1c738d55f6e75643348d200d12c672aaa1f4bba91c7ddf2bc199c1b747ec02201c4a3e73f8363960f60ec8ce48e9a6ccdb2e2b239534dfa86d81cc7f3f2bbecb01",
      "sequence": 4294967295,
      "witness": []
    },
    [
      {
        "Some": [
          84,
          120,
          117,
          135,
          223,
          255,
          220,
          193,
          93,
          121,
          43,
          125,
          254,
          197,
          54,
          220,
          233,
          116,
          92,
          18,
          73,
          128,
          54,
          144,
          14,
          228,
          233,
          219,
          86,
          121,
          155,
          31
        ]
      },
      {
        "header_code": 64001,
        "amount": 5000000000,
        "spk_ty": {
          "Other": [
            65,
            4,
            5,
            71,
            62,
            247,
            102,
            177,
            202,
            144,
            53,
            42,
            172,
            157,
            95,
            9,
            248,
            86,
            178,
            234,
            40,
            55,
            48,
            20,
            136,
            197,
            133,
            175,
            237,
            165,
            72,
            186,
            81,
            45,
            176,
            101,
            184,
            88,
            183,
            95,
            25,
            165,
            7,
            221,
            31,
            21,
            220,
            61,
            13,
            28,
            30,
            114,
            97,
            134,
            140,
            2,
            21,
            182,
            206,
            69,
            182,
            215,
            211,
            223,
            254,
            201,
            172
          ]
        }
      }
    ]
  ],
  [
    {
      "previous_output": "a6b1b9407ece40245064f7bacf6712708ba93934f2287a8c6b6ccc05dce8a713:0",
      "script_sig": "483045022008ca6878c214598697f90a5cbc9d04e96686ab6825e204797eb1abf5141d00ae022100e02d869a3ae582260887304aeabb12ed2867676bf0c1f10d6c0b242ff902323801",
      "sequence": 4294967295,
      "witness": []
    },
    [
      {
        "Some": [
          165,
          197,
          4,
          230,
          0,
          207,
          0,
          188,
          76,
          131,
          244,
          198,
          217,
          14,
          0,
          210,
          52,
          6,
          80,
          33,
          190,
          230,
          6,
          165,
          64,
          209,
          80,
          59,
          57,
          243,
          150,
          144
        ]
      },
      {
        "header_code": 64669,
        "amount": 5000000000,
        "spk_ty": {
          "Other": [
            65,
            4,
            155,
            60,
            168,
            77,
            38,
            97,
            114,
            40,
            53,
            84,
            176,
            173,
            200,
            161,
            190,
            128,
            170,
            5,
            31,
            13,
            8,
            16,
            16,
            43,
            194,
            116,
            182,
            30,
            48,
            89,
            72,
            160,
            20,
            89,
            70,
            0,
            41,
            116,
            208,
            88,
            167,
            176,
            132,
            113,
            193,
            189,
            38,
            33,
            110,
            121,
            107,
            146,
            42,
            144,
            239,
            158,
            58,
            67,
            42,
            213,
            138,
            215,
            212,
            212,
            172
          ]
        }
      }
    ]
  ],
  [
    {
      "previous_output": "d6dd7107b625733334676e301301766dbd4fa156ecea5171e79731997321c113:0",
      "script_sig": "4830450221009c328484a7f826231172151e25658daf62f8ddcfcae780dca0fe3218cd61a7a202204a8bd459c8745e1f974f0316a6617a8e153ec23fd26b949cfceb56f3d2abe5d401",
      "sequence": 4294967295,
      "witness": []
    },
    [
      {
        "Some": [
          23,
          17,
          91,
          48,
          29,
          24,
          237,
          174,
          22,
          153,
          78,
          161,
          76,
          230,
          47,
          219,
          172,
          239,
          184,
          170,
          190,
          151,
          96,
          188,
          56,
          182,
          126,
          202,
          124,
          37,
          242,
          124
        ]
      },
      {
        "header_code": 97889,
        "amount": 5000000000,
        "spk_ty": {
          "Other": [
            65,
            4,
            153,
            33,
            131,
            144,
            228,
            97,
            197,
            91,
            247,
            214,
            225,
            76,
            9,
            62,
            45,
            60,
            1,
            66,
            199,
            146,
            200,
            19,
            199,
            82,
            194,
            143,
            109,
            166,
            95,
            240,
            224,
            27,
            35,
            104,
            149,
            6,
            172,
            180,
            124,
            3,
            2,
            46,
            104,
            249,
            102,
            76,
            117,
            82,
            210,
            190,
            62,
            71,
            246,
            162,
            233,
            171,
            4,
            231,
            173,
            239,
            163,
            211,
            206,
            10,
            172
          ]
        }
      }
    ]
  ],
  [
    {
      "previous_output": "aa80fa55fbdac546c4ab5ffac0cadee04957b8eb5464a197c7e39cb6a5896602:0",
      "script_sig": "48304502204e99bd4dd6a1c3056f7536637178f8551c0a52f8ebb2bb5c92ec13ddbbd1818f022100b654e9cd86caf87118d29dc8db6c6036bca750b230cd0c5a55244a28d8f9d47b01410438808f132933f78efc098f6e021c1f8447cbec71c36c81374362e4157fd0321fc9e47a52f04e3e626635a54e20e5cb43928d1b793215dab9c8d932cd830cc53a",
      "sequence": 4294967295,
      "witness": []
    },
    [
      {
        "Some": [
          104,
          169,
          152,
          229,
          210,
          65,
          236,
          185,
          162,
          168,
          204,
          189,
          140,
          25,
          216,
          141,
          48,
          82,
          219,
          45,
          246,
          7,
          31,
          219,
          141,
          28,
          82,
          53,
          219,
          161,
          143,
          80
        ]
      },
      {
        "header_code": 98152,
        "amount": 90000000,
        "spk_ty": "PubKeyHash"
      }
    ]
  ],
  [
    {
      "previous_output": "a2074b67d7e33f994ce0f2653e157d2bdf39b70b936649c7b29f5aeb4ce0cfa9:0",
      "script_sig": "493046022100ae7f4c6ddb6f1dc4627803b099e1e119035dda43b6bafb83af5941486d3dc3ff022100eb63ab005f197a84cf2aeb7128edab6f0ebacbe7e1ef6847fe2cea1551ae60a701",
      "sequence": 4294967295,
      "witness": []
    },
    [
      {
        "Some": [
          48,
          80,
          242,
          43,
          65,
          154,
          11,
          218,
          203,
          139,
          42,
          116,
          63,
          37,
          116,
          76,
          112,
          189,
          89,
          217,
          99,
          126,
          176,
          243,
          143,
          169,
          50,
          90,
          99,
          31,
          74,
          168
        ]
      },
      {
        "header_code": 64853,
        "amount": 5000000000,
        "spk_ty": {
          "Other": [
            65,
            4,
            14,
            154,
            77,
            70,
            196,
            86,
            187,
            95,
            111,
            8,
            127,
            97,
            118,
            146,
            35,
            121,
            69,
            35,
            223,
            197,
            171,
            248,
            81,
            136,
            117,
            139,
            111,
            110,
            2,
            224,
            7,
            212,
            94,
            174,
            168,
            88,
            69,
            159,
            224,
            146,
            146,
            37,
            75,
            115,
            239,
            250,
            238,
            169,
            115,
            7,
            110,
            193,
            133,
            207,
            30,
            201,
            17,
            154,
            209,
            142,
            80,
            175,
            18,
            148,
            172
          ]
        }
      }
    ]
  ]
]