[
  [
    {
      "previous_output": "3817f590949fce7c434a30e5fb9b0848e7e2f42d99de099fc78036268ce3dcd2:1",
      "script_sig": "483045022061ccd629cf11f5c7aa2ae174af59de0cb4ae643a1fd1b4f4344b1cf8c228c432022100dc7e4af95d24c9edba0e9ed7fc8d8aefb4e66f5c2668fd9e165acd9de97f5493014104bffe465ca922d89db89eec5e9fa876b76617dd3e5cc472e685cc1905606898dc7c8dbb3deb3269d37a8a54e6b094399337a74c17fa7bfffcbbe4796987d79ec9",
      "sequence": 4294967295,
      "witness": []
    },
    [
      {
        "Some": [
          157,
          61,
          164,
          163,
          61,
          115,
          225,
          25,
          67,
          183,
          165,
          64,
          119,
          239,
          245,
          100,
          233,
          138,
          55,
          111,
          122,
          248,
          250,
          121,
          78,
          52,
          253,
          241,
          212,
          66,
          149,
          33
        ]
      },
      {
        "header_code": 166612,
        "amount": 1000000,
        "spk_ty": "PubKeyHash"
      }
    ]
  ],
  [
    {
      "previous_output": "2917880efb39964e0878485ef23aa14b01d99d7af409bfae6b7c266e5dd57bf0:0",
      "script_sig": "483045022100d6c2b46b6d5f1b7211c9f96aa7c639d173d82cd3733c96dd841fd47379049f1a02206bdde561c68fced77d1e069510e756d4f1c21db5dd0dfffae785420714d54be1014104b6f8d4a71d0e08bc69e867f00ff79f80d8b107c5e5cc7eab67dda254b1c8806fbccc0bab9480e0ec1900d61101d747bf5e2d6198b44815ee4fb33adcdd98d9e6",
      "sequence": 4294967295,
      "witness": []
    },
    [
      {
        "Some": [
          76,
          187,
          215,
          253,
          157,
          105,
          26,
          29,
          208,
          43,
          247,
          17,
          159,
          194,
          109,
          77,
          142,
          237,
          69,
          218,
          173,
          180,
          228,
          150,
          51,
          121,
          173,
          93,
          30,
          88,
          117,
          1
        ]
      },
      {
        "header_code": 166612,
        "amount": 70000000,
        "spk_ty": "PubKeyHash"
      }
    ]
  ],
  [
    {
      "previous_output": "35a04b3bb3a2fbd1143ce0a42fa764fac5eb3500644c4e3f7ffcd1fe57af3f9b:0",
      "script_sig": "48304502210089cf7a8cd1cd790407645cb6130fe6b37038042869e3e4e8220a485e2e1b1ac802200f4bf17ffa610c813b5b03134fa7dad201d1034875a995149c218f699203a97801",
      "sequence": 4294967295,
      "witness": []
    },
    [
      {
        "Some": [
          159,
          252,
          25,
          55,
          153,
          183,
          205,
          227,
          7,
          85,
          49,
          94,
          230,
          108,
          137,
          104,
          190,
          229,
          94,
          9,
          216,
          202,
          107,
          104,
          200,
          96,
          42,
          251,
          169,
          142,
          24,
          46
        ]
      },
      {
        "header_code": 166333,
        "amount": 5000000000,
        "spk_ty": {
          "Other": [
            65,
            4,
            79,
            39,
            112,
            38,
            199,
            199,
            56,
            146,
            194,
            68,
            103,
            117,
            241,
            188,
            250,
            61,
            204,
            124,
            137,
            107,
            227,
            233,
            148,
            97,
            209,
            165,
            102,
            162,
            54,
            11,
            108,
            248,
            229,
            93,
            111,
            243,
            251,
            230,
            48,
            226,
            24,
            158,
            178,
            65,
            163,
            141,
            203,
            203,
            196,
            53,
            108,
            112,
            152,
            124,
            149,
            248,
            242,
            71,
            7,
            188,
            24,
            125,
            140,
            78,
            172
          ]
        }
      }
    ]
  ],
  [
    {
      "previous_output": "693b53e107bee462acab22e615b9594d6dba3917265962916568413e34a11cbe:0",
      "script_sig": "4730440220317872f174e03fad78755baab24d3ca1e8d1041f06514a45f5d86a47652dc757022033724c2f01d11e0d6cf9cf1e193910820c211857a7c3a67b4a1994d402727104014104e14ddb93f2ac97817e2587965bf4444521cbc11f5ecda0454d6aea616fe348fa59d6dd4cf6fd9ada9f0b0d7fe2bce1faf9c8e9ee2432300f09602d6a08d74d96",
      "sequence": 4294967295,
      "witness": []
    },
    [
      {
        "Some": [
          136,
          44,
          46,
          204,
          207,
          123,
          17,
          165,
          22,
          184,
          223,
          111,
          18,
          47,
          93,
          126,
          22,
          54,
          95,
          75,
          37,
          206,
          146,
          75,
          215,
          203,
          117,
          49,
          176,
          136,
          229,
          229
        ]
      },
      {
        "header_code": 166612,
        "amount": 15000000,
        "spk_ty": "PubKeyHash"
      }
    ]
  ],
  [
    {
      "previous_output": "553b4934709db44fcfc8d906c748c931f7a40d02ce549a8da50b5156c3d806ba:0",
      "script_sig": "4730440220645d335f9ff52001703dbdf0e9c098a0a1f485a99fb525ae3404b70d11469b6702205d6ba6f8d91dd56ee96c4918653094e515c1d0a36d46a0b5353d623a67a7549d01",
      "sequence": 4294967295,
      "witness": []
    },
    [
      {
        "Some": [
          192,
          234,
          148,
          148,
          182,
          57,
          58,
          2,
          100,
          81,
          201,
          18,
          99,
          64,
          65,
          236,
          53,
          211,
          147,
          203,
          106,
          179,
          199,
          75,
          204,
          173,
          230,
          227,
          163,
          223,
          248,
          36
        ]
      },
      {
        "header_code": 142351,
        "amount": 5000000000,
        "spk_ty": {
          "Other": [
            65,
            4,
            57,
            197,
            26,
            91,
            80,
            37,
            3,
            167,
            46,
            100,
            8,
            190,
            100,
            84,
            5,
            214,
            45,
            120,
            148,
            65,
            48,
            172,
            24,
            234,
            83,
            103,
            27,
            44,
            219,
            82,
            62,
            82,
            116,
            170,
            147,
            141,
            83,
            13,
            63,
            143,
            140,
            26,
            170,
            96,
            166,
            102,
            141,
            74,
            198,
            13,
            60,
            176,
            43,
            244,
            13,
            222,
            151,
            114,
            53,
            212,
            33,
            89,
            13,
            185,
            172
          ]
        }
      }
    ]
  ],
  [
    {
      "previous_output": "bdd11af777a2c6621b30bc392effe42b2d691e310fd6e5da29ac59222675004a:1",
      "script_sig": "47304402200f17379e08a5905f9b4d6a77e123488e8a76c75004cf05a4530662c2b493cd430220668a71a3b01be3b78469cacebdf4e2303e0145387448ca35cb25430a31badb6201410448e1f726f77a9c9464b595f50375e7ee65468a9a7cf7f3f1f0c839206db0fcf815f6e6d21713c7313642ed9f2df258c2ec315a1d932450594e8cf06a27efc23d",
      "sequence": 4294967295,
      "witness": []
    },
    [
      {
        "Some": [
          7,
          85,
          4,
          209,
          99,
          122,
          232,
          231,
          81,
          202,
          105,
          184,
          118,
          0,
          143,
          187,
          112,
          152,
          239,
          141,
          248,
          74,
          25,
          39,
          45,
          101,
          163,
          155,
          34,
          130,
          174,
          199
        ]
      },
      {
        "header_code": 166612,
        "amount": 30000000,
        "spk_ty": "PubKeyHash"
      }
    ]
  ],
  [
    {
      "previous_output": "8af950152c069101df2599e7941e9fc115f422bf248f80cd4e1d80dfb57db1bc:1",
      "script_sig": "47304402200cccbf4671b24d1a79c56d639f85217946a862c4def5e4ccd16d273ab62628cd02204251937dbfbe88ce81e8c6fc89a43bfde4646dd03c0f84fe7601e6f171dcae6c01410433bca500f48d8d1e6bf7b4fb71dff89fd9da050123f364a8720f71777c48df6919cef1084ff20788114042f4b8f0942c7ee3b557d21559feb4abfd0efc9a75cf",
      "sequence": 4294967295,
      "witness": []
    },
    [
      {
        "Some": [
          161,
          220,
          41,
          237,
          11,
          157,
          66,
          163,
          43,
          226,
          74,
          148,
          90,
          6,
          167,
          146,
          94,
          214,
          198,
          8,
          137,
          34,
          126,
          156,
          61,
          192,
          245,
          29,
          154,
          66,
          81,
          97
        ]
      },
      {
        "header_code": 166370,
        "amount": 54000000,
        "spk_ty": "PubKeyHash"
      }
    ]
  ],
  [
    {
      "previous_output": "144c22983fa9e1671ce828a0529e1f31f86242c84081d8d94fc24267ef9815cc:0",
      "script_sig": "4830450220073f0f2cde997fad16ce62c28850057d510150c91030d3f4356d85210c5a50d4022100c05346cc3cb38c8101e05343f25dc8c3641d88ee565357141eeea0533ba9d6f401410493e1c6cf89de24d6036b8b5127b2db5387a2bd25d3193833f7b41c11bc0443be49fb825a9e29c7ecc83de300549d9d13df051cf36c1a671988ca06e3a2112d7e",
      "sequence": 4294967295,
      "witness": []
    },
    [
      {
        "Some": [
          34,
          101,
          105,
          57,
          245,
          126,
          90,
          198,
          29,
          96,
          5,
          73,
          226,
          93,
          174,
          194,
          197,
          246,
          217,
          159,
          116,
          43,
          97,
          171,
          53,
          6,
          255,
          15,
          189,
          76,
          249,
          144
        ]
      },
      {
        "header_code": 166384,
        "amount": 10000000,
        "spk_ty": "PubKeyHash"
      }
    ]
  ],
  [
    {
      "previous_output": "20ccc2f02284f30e794acd027913b0f940fbab199d6bf0dc35447f934399972b:1",
      "script_sig": "4830450220234f239aac828ac1ac9311e02ee1ad32167849f31550c9289a9b63bd183947c402210084bc3b240e941fb6b6daa1b6dbf8315264cca82bf042412e788ef00f2900dece014104260fac7c621488e2c125feafc65397f89ca2af103a485732f9fe91f5cc71356091f8effb17cf603bf7424fde8d021cbdbbda59e59ce2623d70ae39a70c3678d7",
      "sequence": 4294967295,
      "witness": []
    },
    [
      {
        "Some": [
          162,
          195,
          48,
          50,
          168,
          217,
          97,
          17,
          241,
          97,
          10,
          162,
          103,
          25,
          219,
          214,
          134,
          88,
          26,
          9,
          118,
          108,
          229,
          121,
          149,
          172,
          28,
          215,
          28,
          96,
          76,
          22
        ]
      },
      {
        "header_code": 166612,
        "amount": 7000000,
        "spk_ty": "PubKeyHash"
      }
    ]
  ],
  [
    {
      "previous_output": "40c44b4bc7c6557dbb8130fc62c978b72b52c3933ba65ac3658dca352d570e57:0",
      "script_sig": "493046022100ca37fc1dcebb5248dc8ee15f918a50969c0f7a90d796bc6ae1636098106c012b022100e8e1a918878c51d4a18054a0871a0cc60f3d86a4b62f23731041d3ac7a711969014104aef3d459afaa7d625b4e10f155d6d39c965e4593f1bd75205ffb75e4ede908c0647538bf0093d417af2fc5aaf7b7654dc522e350db998e14ca893d709b9220a6",
      "sequence": 4294967295,
      "witness": []
    },
    [
      {
        "Some": [
          166,
          183,
          184,
          116,
          4,
          17,
          27,
          2,
          220,
          147,
          76,
          24,
          116,
          146,
          20,
          173,
          79,
          173,
          206,
          249,
          176,
          82,
          82,
          174,
          99,
          14,
          81,
          123,
          105,
          218,
          210,
          224
        ]
      },
      {
        "header_code": 166612,
        "amount": 5000000,
        "spk_ty": "PubKeyHash"
      }
    ]
  ],
  [
    {
      "previous_output": "0979ddc611fd163d123b52a577fdfd3c88f94423c4eb9ea1e8be72de22de6050:0",
      "script_sig": "47304402207f011098a2492ccfe79f03f553263636dd99ba8c3680f18447e570b667ef4b2302205559063a7ba12a17b03d6c48f9fd88a8da59a571ba322477e52b26174f35e167014104e2d8a24e5be7200aa915a27d4548b9b543812af8014ee2a739c1c6c153a121052111bda59eb8123aee2ca8c996b070a15ea0dd949ff65da48c3ae467aa9fac48",
      "sequence": 4294967295,
      "witness": []
    },
    [
      {
        "Some": [
          92,
          17,
          102,
          241,
          132,
          130,
          240,
          106,
          190,
          233,
          76,
          42,
          224,
          125,
          82,
          182,
          127,
          215,
          137,
          30,
          138,
          217,
          211,
          159,
          38,
          37,
          38,
          141,
          149,
          181,
          221,
          158
        ]
      },
      {
        "header_code": 166612,
        "amount": 34207000000,
        "spk_ty": "PubKeyHash"
      }
    ]
  ],
  [
    {
      "previous_output": "a3e88477692a69d743dc97888d9ef520c2114e3f67d81bb9b28ce176a3dd480d:0",
      "script_sig": "483045022067f55d9e366a1984b8b687daa8ac2b9c5d3c59bb90381458b75b6612595509ab022100df7b91f184bbf6033877d77d7580946fe9feb103d0a422e15fc11a6642aa8776014104a6b5abdb25ca148c076961d141f0998e6205c6e44d0f1bbb1cd34a5489518ca0aace1f28faa7322f67178e22fdcbe33065cecb987241e47e24f92bcb322978c3",
      "sequence": 4294967295,
      "witness": []
    },
    [
      {
        "Some": [
          231,
          218,
          214,
          93,
          174,
          110,
          249,
          10,
          176,
          200,
          225,
          62,
          200,
          48,
          92,
          175,
          244,
          123,
          158,
          79,
          123,
          186,
          24,
          152,
          113,
          56,
          176,
          227,
          238,
          203,
          235,
          71
        ]
      },
      {
        "header_code": 166312,
        "amount": 10000000,
        "spk_ty": "PubKeyHash"
      }
    ]
  ],
  [
    {
      "previous_output": "ee40179454948e3ef4d057e0a779412d5a9a31176711e19d0c4b18f85d3506c7:0",
      "script_sig": "493046022100f8616c70bb455e74c3245e6a04ec21f665de5387246abca67d516c7dc24af3e30221009b8f9c2f813e6f15ec75a67dbd2d54ef3af4ac690affaa55af75ce817def69260141047a07090fdf87f57e1aaf806e9ea8bcf96f6c6452e972e276f8e25bb3fa8b2a0e08d2ddafac2ed940ad29cb3d5b8c5b6bef8be542f527df1edffa12a20f79e1ac",
      "sequence": 4294967295,
      "witness": []
    },
    [
      {
        "Some": [
          53,
          208,
          45,
          241,
          133,
          216,
          62,
          62,
          213,
          118,
          94,
          29,
          111,
          22,
          190,
          157,
          7,
          11,
          208,
          18,
          122,
          54,
          56,
          121,
          135,
          23,
          194,
          190,
          93,
          170,
          110,
          233
        ]
      },
      {
        "header_code": 166312,
        "amount": 50000000,
        "spk_ty": "PubKeyHash"
      }
    ]
  ],
  [
    {
      "previous_output": "ddedeec12885b8a12bb25a827e7dcb96e53ba765a15011d3a250a9b58c60d6b2:0",
      "script_sig": "483045022100b1d87bd0e892f33ec155f50e863aefc2b4b21b6a0026675af2fbd0133e7a8b8302202db65e82bceb12fb853da8a766ea9eaee9b8f7a3cf580feacae6d2a794f0e6b2014104a2d0a2fa44dc85e3d44b5d747ad3289f01b8426ed58bff699f42da3396f01e8ac8db662dc11fce8333be2af7f17a9cc57c4211600a588dcb7cad509862bf0304",
      "sequence": 4294967295,
      "witness": []
    },
    [
      {
        "Some": [
          183,
          100,
          17,
          45,
          162,
          56,
          128,
          202,
          141,
          48,
          66,
          110,
          80,
          21,
          108,
          126,
          140,
          2,
          163,
          99,
          100,
          193,
          130,
          74,
          212,
          228,
          63,
          132,
          220,
          158,
          197,
          178
        ]
      },
      {
        "header_code": 166612,
        "amount": 19000000,
        "spk_ty": "PubKeyHash"
      }
    ]
  ],
  [
    {
      "previous_output": "ca4e24895693d96e8b8d23cb75fc2bd3abca1c4fa48031eafcddffbda26a2075:0",
      "script_sig": "493046022100df7604bcf4b037e2a8f1823bf69d7669a203f19d421b7437f29606a6d5188e67022100b5b4590f5c8b035e2fb6c008dc5c5e9d405d064ca3f8e506f68815b1a93213e901",
      "sequence": 4294967295,
      "witness": []
    },
    [
      {
        "Some": [
          245,
          215,
          29,
          159,
          187,
          121,
          227,
          211,
          211,
          238,
          181,
          108,
          114,
          158,
          88,
          86,
          212,
          224,
          13,
          190,
          78,
          24,
          227,
          164,
          133,
          32,
          14,
          249,
          239,
          208,
          71,
          15
        ]
      },
      {
        "header_code": 166291,
        "amount": 5000000000,
        "spk_ty": {
          "Other": [
            65,
            4,
            106,
            104,
            148,
            85,
            114,
            153,
            100,
            181,
            78,
            190,
            182,
            176,
            14,
            152,
            240,
            179,
            47,
            28,
            248,
            174,
            218,
            206,
            197,
            183,
            157,
            238,
            103,
            136,
            15,
            229,
            109,
            158,
            79,
            243,
            55,
            180,
            205,
            3,
            104,
            238,
            132,
            248,
            60,
            114,
            152,
            21,
            241,
            14,
            104,
            22,
            11,
            204,
            134,
            243,
            227,
            64,
            74,
            131,
            222,
            151,
            43,
            162,
            167,
            134,
            172
          ]
        }
      }
    ]
  ],
  [
    {
      "previous_output": "6dd0b7f73b8cfad2f22ccb141d9210e31ee2ff18a3124dcab59e5c6403021528:0",
      "script_sig": "48304502202740c6371a4aa3e3b2fb72c2cba48a30ad9890073d7d3738c1ae6d22adfad0a60221008d038fda19f351367174be2114f22429d869dccb38af5393343b9208ed975bb301",
      "sequence": 4294967295,
      "witness": []
    },
    [
      {
        "Some": [
          52,
          223,
          147,
          45,
          78,
          49,
          173,
          175,
          198,
          226,
          2,
          138,
          217,
          57,
          147,
          36,
          140,
          195,
          188,
          75,
          118,
          105,
          230,
          222,
          253,
          174,
          235,
          251,
          228,
          123,
          171,
          159
        ]
      },
      {
        "header_code": 166207,
        "amount": 5000000000,
        "spk_ty": {
          "Other": [
            65,
            4,
            81,
            66,
            171,
            67,
            139,
            143,
            81,
            230,
            24,
            130,
            159,
            115,
            60,
            132,
            219,
            192,
            250,
            15,
            165,
            204,
            57,
            134,
            202,
            246,
            145,
            60,
            54,
            250,
            247,
            226,
            218,
            108,
            21,
            253,
            74,
            175,
            196,
            218,
            211,
            77,
            201,
            21,
            215,
            180,
            225,
            111,
            57,
            131,
            194,
            62,
            3,
            233,
            105,
            66,
            16,
            249,
            206,
            71,
            118,
            162,
            231,
            132,
            240,
            206,
            172
          ]
        }
      }
    ]
  ],
  [
    {
      "previous_output": "b3b66396a68c0577e3e20539aed53bfdcde4ceb99310f1711cdbe2485b856055:0",
      "script_sig": "493046022100d576f8f856f735caf35bc786fab043a696cc41a86c9ebaeefec96736cdbf0d5402210098fc0a05772cf91ee07ecb80965efc348516742b765528095c4a52b1412eab1e01",
      "sequence": 4294967295,
      "witness": []
    },
    [
      {
        "Some": [
          219,
          215,
          89,
          37,
          147,
          211,
          244,
          8,
          189,
          96,
          8,
          30,
          123,
          21,
          16,
          158,
          229,
          80,
          172,
          175,
          95,
          160,
          51,
          26,
          138,
          13,
          121,
          50,
          60,
          20,
          80,
          3
        ]
      },
      {
        "header_code": 166337,
        "amount": 5000000000,
        "spk_ty": {
          "Other": [
            65,
            4,
            99,
            13,
            150,
            251,
            135,
            32,
            139,
            168,
            80,
            93,
            105,
            207,
            120,
            104,
            253,
            208,
            26,
            128,
            23,
            219,
            30,
            218,
            162,
            245,
            140,
            11,
            183,
            127,
            19,
            13,
            74,
            229,
            85,
            88,
            59,
            142,
            57,
            104,
            25,
            230,
            87,
            245,
            55,
            38,
            245,
            148,
            9,
            15,
            78,
            221,
            63,
            253,
            23,
            186,
            95,
            142,
            82,
            61,
            235,
            49,
            219,
            67,
            96,
            0,
            172
          ]
        }
      }
    ]
  ],
  [
    {
      "previous_output": "bb9d27d4c4b7ac9ecc894de0e0e2bb4d839c43d3765f8ed5ab066ab863cd1c23:0",
      "script_sig": "483045022030f322a5724990333a2b249251f7361d3b572df1db0722dd3bab0de1cedd4451022100e6ff33f5e060611ea9614210ee58ccaa0a1bf665233f195f52e3040c42d35afd014104110ded59f26d4d437b46cea86ed02b99c05c9fc33ceb891c7aad6f864b23b8f08cc7dfd42714e812ee472a5378bb86c25465a860cf176a6053cefe1eec28c3bd",
      "sequence": 4294967295,
      "witness": []
    },
    [
      {
        "Some": [
          202,
          192,
          53,
          39,
          26,
          252,
          95,
          22,
          128,
          162,
          70,
          127,
          215,
          157,
          122,
          73,
          197,
          85,
          83,
          42,
          16,
          205,
          233,
          63,
          95,
          231,
          61,
          84,
          44,
          68,
          106,
          59
        ]
      },
      {
        "header_code": 166444,
        "amount": 1000000,
        "spk_ty": "PubKeyHash"
      }
    ]
  ],
  [
    {
      "previous_output": "08a954bad9840376b9be452bac0f62f91c13d5cddd0d8e387ad0c147bc45d4dc:0",
      "script_sig": "493046022100ce7ebe6e9fd11194a553712c894c76f310932a1142cac6276ba8c985b23b2fd2022100e4becd91b9070f9bd999981d6326e0337feb8e2fb5e29bb545c83504c23793e5014104b7a42a26cdee4a61cf7ad26df7aaca7536b676c331daca2faf32a44e42f30fe2e50e7a8b8227352b90c888b295c0564a922a57e027924df19cac09b40dae9c02",
      "sequence": 4294967295,
      "witness": []
    },
    [
      {
        "Some": [
          250,
          138,
          175,
          53,
          84,
          108,
          21,
          217,
          151,
          13,
          220,
          155,
          162,
          47,
          67,
          236,
          89,
          3,
          228,
          15,
          228,
          153,
          151,
          147,
          89,
          157,
          193,
          168,
          118,
          47,
          193,
          220
        ]
      },
      {
        "header_code": 166600,
        "amount": 34457000000,
        "spk_ty": "PubKeyHash"
      }
    ]
  ],
  [
    {
      "previous_output": "ef6b533095c05819fe0a3d5d316868ebf9d25fc7b0d10d58cc9d28bedf596f40:1",
      "script_sig": "473044022052ac423fddf72a0c1dd9ded278e4c8fc4e0a34951a37ae74fc6ed722458cc5de022076f7fdba86f94505401fed46e3a05d1d0c3c73d3d848f7d057daecba2f7288ea014104034668b2574b2d37b6bc45c769b21cc6765c1c528499cf06e93b15aa6e62d9b5fad8519c236add9d618a9321b8fdf256918f3f3c63c61667efd977e219ad2ae3",
      "sequence": 4294967295,
      "witness": []
    },
    [
      {
        "Some": [
          218,
          116,
          233,
          189,
          228,
          198,
          128,
          106,
          239,
          23,
          33,
          182,
          174,
          227,
          151,
          21,
          234,
          20,
          156,
          141,
          13,
          106,
          9,
          234,
          111,
          129,
          205,
          139,
          175,
          213,
          99,
          111
        ]
      },
      {
        "header_code": 166612,
        "amount": 20000000,
        "spk_ty": "PubKeyHash"
      }
    ]
  ],
  [
    {
      "previous_output": "dcef02e684592c20846a71e5716ff5d3602029bcdb7aa0def0040ae7136babe0:0",
      "script_sig": "473044022022ed120de2d92cea76f42e61ba0576840f9f28891d963e60d7ebd638516c1c3d022020ea134593fab976312e86ba82a603628546f750949d2bd6c143e09bdb641a28014104ef60e8a3e3d5dde00133d99d12ca4ab2eab229bf69f2f38271dcfde8f26644ddf4b385f32245f2f3d2f3770c0f8b2f9c8ca5a4c47ab729a90ceb937df0a3ca5a",
      "sequence": 4294967295,
      "witness": []
    },
    [
      {
        "Some": [
          167,
          63,
          28,
          231,
          29,
          211,
          250,
          245,
          72,
          69,
          64,
          233,
          23,
          215,
          13,
          239,
          130,
          226,
          95,
          77,
          144,
          29,
          69,
          217,
          237,
          205,
          94,
          131,
          162,
          240,
          197,
          27
        ]
      },
      {
        "header_code": 166612,
        "amount": 34257000000,
        "spk_ty": "PubKeyHash"
      }
    ]
  ],
  [
    {
      "previous_output": "026f54307c50cc531659b2242266e136ca133f0b44505d744e7882ac190c4f5e:0",
      "script_sig": "47304402205dad48b354b0cd1ce872746ca5e228235a4cca1094ed4359eae6d8ac345e110e02207cdd98f8db8eff80e5ffb8e06dcfef0c5d4e230c7c54040d654291ef245c77a501",
      "sequence": 4294967295,
      "witness": []
    },
    [
      {
        "Some": [
          248,
          236,
          115,
          250,
          16,
          72,
          1,
          27,
          178,
          156,
          39,
          54,
          157,
          21,
          241,
          97,
          52,
          49,
          16,
          117,
          140,
          11,
          184,
          73,
          77,
          231,
          229,
          142,
          6,
          175,
          94,
          66
        ]
      },
      {
        "header_code": 166365,
        "amount": 5000000000,
        "spk_ty": {
          "Other": [
            65,
            4,
            49,
            82,
            152,
            17,
            242,
            194,
            122,
            208,
            92,
            22,
            131,
            125,
            231,
            124,
            126,
            235,
            243,
            254,
            189,
            29,
            59,
            119,
            65,
            212,
            103,
            233,
            101,
            253,
            162,
            202,
            12,
            228,
            96,
            82,
            168,
            221,
            99,
            44,
            139,
            109,
            148,
            217,
            216,
            135,
            192,
            105,
            33,
            237,
            25,
            205,
            249,
            211,
            51,
            86,
            227,
            123,
            116,
            52,
            229,
            156,
            236,
            102,
            70,
            136,
            172
          ]
        }
      }
    ]
  ],
  [
    {
      "previous_output": "d59bc1c278827091ab1679b2c12a85fb5b5cd6d48fc15c151c28c7b633f1c432:0",
      "script_sig": "483045022005a57ecc918a848ee24bf6c95c49932c4e01f6b8983f00be06694afcbea631f70221009a6d1dff3cec9ac7939051e047ce99f7c7550198cc2ea488470587f7ba87e24f0141048f40c5e9073a8f60c06a2e65b5598e97286f88bb2a9357481d0215e97eed7430bdca3c562a8a9fc3ec02185ed8373ff0a14794cfc3310efeec6204fcbdbdc8bc",
      "sequence": 4294967295,
      "witness": []
    },
    [
      {
        "Some": [
          67,
          79,
          108,
          205,
          237,
          184,
          231,
          29,
          224,
          112,
          65,
          194,
          39,
          137,
          56,
          232,
          8,
          151,
          44,
          19,
          21,
          186,
          46,
          252,
          150,
          142,
          182,
          47,
          122,
          117,
          172,
          102
        ]
      },
      {
        "header_code": 166470,
        "amount": 3000000,
        "spk_ty": "PubKeyHash"
      }
    ]
  ],
  [
    {
      "previous_output": "70b084899348cc73a260758c96807b9f23c0566d6451feaeeea482d5098a0dae:0",
      "script_sig": "493046022100dcc929bb041cd0899b63b703d31c3bcffdc8013e8bf994c7c99f5731e2b36d150221008fe1a67a74001d1a971c813438a59e99c91e2c9e835de9207bffa3581082a495014104a8a9880651df6e96d16e7337a50eeb3c478cc6e794cce69b390f35f5b7fa7e1614242cd9a6e67a09e5ddfb18936d4ceccf9335a30cb622a461e330f6b2204826",
      "sequence": 4294967295,
      "witness": []
    },
    [
      {
        "Some": [
          193,
          75,
          224,
          251,
          57,
          90,
          174,
          35,
          26,
          142,
          9,
          167,
          76,
          193,
          184,
          222,
          51,
          124,
          105,
          221,
          49,
          19,
          215,
          52,
          38,
          133,
          205,
          116,
          62,
          35,
          51,
          195
        ]
      },
      {
        "header_code": 166612,
        "amount": 42000000,
        "spk_ty": "PubKeyHash"
      }
    ]
  ],
  [
    {
      "previous_output": "e2d0947df6eac5301086bbfdf31fe442756e58973e5a78a1a88032746c699d94:1",
      "script_sig": "493046022100dd8f4ebfb081e25849faa6fe6560955439b3f0aa4302cddf03169cd33c0b83be022100838356399f921ae52871136b24f49be4e51a47012316afa1702bb3f7f9fdf0af014104fa1d6563cbb6d32efc1cb7cdda8089e275510488d18acc74acad6021b1f5006ad3600dd26df58b3d0c830d59a6584b350e7da73f832b298af1e1a3a526b0c558",
      "sequence": 4294967295,
      "witness": []
    },
    [
      {
        "Some": [
          250,
          1,
          195,
          44,
          241,
          161,
          217,
          56,
          84,
          119,
          215,
          3,
          95,
          98,
          169,
          6,
          114,
          55,
          14,
          71,
          21,
          86,
          81,
          129,
          87,
          119,
          58,
          106,
          245,
          49,
          136,
          116
        ]
      },
      {
        "header_code": 166598,
        "amount": 40000000,
        "spk_ty": "PubKeyHash"
      }
    ]
  ],
  [
    {
      "previous_output": "cdbfd19394d3ba4c53ccc3427f5d5a43ec943c83fa0eb91dcba27d81aad57f14:1",
      "script_sig": "493046022100bef41d80b01be19df20c183158ad6af53afd80418a20043f337cfe9bbf62d1d7022100f1cba35ebb6829739331e7de25931da1126112eca2714a0da79fd01a0707b98b01410498f14c7cb5b4dba98740a4352cdbdf958ea63194299a618b9205e6d77274882a1dc4c378dfb0e2e2057d322225812d68679e28a747689444619b67d9b3c6c6e5",
      "sequence": 4294967295,
      "witness": []
    },
    [
      {
        "Some": [
          105,
          28,
          219,
          21,
          74,
          105,
          213,
          183,
          30,
          103,
          136,
          221,
          182,
          180,
          73,
          47,
          0,
          139,
          223,
          147,
          212,
          89,
          112,
          167,
          5,
          242,
          245,
          100,
          25,
          117,
          206,
          95
        ]
      },
      {
        "header_code": 166612,
        "amount": 34357000000,
        "spk_ty": "PubKeyHash"
      }
    ]
  ],
  [
    {
      "previous_output": "40b7971dd8fd5c5d0f8577e4c5de99b5ed4b778c5fe24200850f085504786eb6:0",
      "script_sig": "493046022100f7020d44b060b3cef6e3262467344c1263f9eb3b5459e1edcb74122263cd3059022100c25ddade822106739d5549b12ad872b65efae361170d5c58dba73b35f26e11910141047e8468ea99bff206e55ed06eec4afda37130533fc16176e9e17ec66fc0fd8d95999bbae10fd00e197d76e9b0810548ce68a3c806ccfb377e63e4c26027d72617",
      "sequence": 4294967295,
      "witness": []
    },
    [
      {
        "Some": [
          154,
          90,
          112,
          12,
          3,
          137,
          66,
          157,
          113,
          154,
          138,
          62,
          27,
          84,
          103,
          150,
          72,
          245,
          86,
          61,
          14,
          215,
          193,
          201,
          194,
          10,
          179,
          186,
          191,
          242,
          10,
          59
        ]
      },
      {
        "header_code": 166612,
        "amount": 34407000000,
        "spk_ty": "PubKeyHash"
      }
    ]
  ],
  [
    {
      "previous_output": "0ee82c29099e6b17fc389d407111e2288225fb6b0bc34cbd8a40c630e04ed799:0",
      "script_sig": "493046022100bc81c18dc5072f6fa3b8bda65824ab7d18987ba768f95be58c0a49c7560c3712022100a9b2a22539f5987ad4b28284ab31121243d84fbf4b16ced4fb247d149531336801410453e2d8ff05bf3c255ef809d8f1b024daaf32cb13c6618ba6e3ccbc801d6d6c5ddd2723f258570620a801b2e388f9823dd2c3697fec7273ed535b92372f48bfa1",
      "sequence": 4294967295,
      "witness": []
    },
    [
      {
        "Some": [
          254,
          63,
          175,
          31,
          225,
          191,
          133,
          75,
          43,
          87,
          218,
          153,
          109,
          38,
          162,
          144,
          111,
          89,
          184,
          253,
          121,
          204,
          115,
          186,
          54,
          84,
          242,
          251,
          254,
          26,
          181,
          93
        ]
      },
      {
        "header_code": 166612,
        "amount": 25000000,
        "spk_ty": "PubKeyHash"
      }
    ]
  ],
  [
    {
      "previous_output": "5ccea9a388d22facceca38765c027790f263e32a3ea5c173da54666e9f038a6c:1",
      "script_sig": "473044022039fbfc9b95e58dc00d3d9d41d14593f7492b14488c25ef09ab9eca5d1a5d7bc9022025a75c0386b634d97bdd7acea1361d2b5e5559af238ceec656cdf36ba2e0e7aa014104c1a0e59cff8b5d447bcb9c78b5d92d9f5d5b4628e2c2abbed46221c8bcde91a8aecb1ec21dcdbc6757b28f4afae986ba8eb06cb31ee6462e6640060098f07a2f",
      "sequence": 4294967295,
      "witness": []
    },
    [
      {
        "Some": [
          248,
          223,
          218,
          61,
          23,
          211,
          106,
          153,
          152,
          124,
          122,
          187,
          4,
          43,
          201,
          49,
          82,
          67,
          187,
          164,
          251,
          255,
          58,
          220,
          55,
          95,
          29,
          35,
          129,
          198,
          227,
          118
        ]
      },
      {
        "header_code": 166612,
        "amount": 1000000,
        "spk_ty": "PubKeyHash"
      }
    ]
  ],
  [
    {
      "previous_output": "c2b65a67f4f67d9b163f1986058c63c0cc90dfafdfb09240bb96017ff6a5dcec:0",
      "script_sig": "48304502210095ac4b8cb421956f5ebf8928f37c4ceea0ce745014882924e4a32f917ff174fc02203da9ea1e5ed38558fda3e1aca951b71ad146647a19b2ad967a43ad9d105dc27b014104110ded59f26d4d437b46cea86ed02b99c05c9fc33ceb891c7aad6f864b23b8f08cc7dfd42714e812ee472a5378bb86c25465a860cf176a6053cefe1eec28c3bd",
      "sequence": 4294967295,
      "witness": []
    },
    [
      {
        "Some": [
          17,
          176,
          103,
          169,
          199,
          243,
          98,
          18,
          200,
          105,
          58,
          232,
          184,
          71,
          63,
          210,
          241,
          58,
          92,
          112,
          63,
          8,
          97,
          253,
          17,
          170,
          12,
          255,
          61,
          84,
          5,
          45
        ]
      },
      {
        "header_code": 166444,
        "amount": 1000000,
        "spk_ty": "PubKeyHash"
      }
    ]
  ],
  [
    {
      "previous_output": "3f0cb834574ca11d2336543680319126525ed77449a846be9213e68118ab15e5:1",
      "script_sig": "47304402202d81c03ca57288aadf14b808f43468af8a6103374c06c30ba683bc8214b5dac1022068c000ecbc9fdd6bdc19964602024feafa312374cafc9a54fc709d56f8c1a0d3014104ae2378503fa562af1dcb1f9abbdf5d57dd492e47c3d42fd111f11f4616d08bf332ba477929887b856726c6d058ad498d21e29e030c4f3136c0d28d2b47097cac",
      "sequence": 4294967295,
      "witness": []
    },
    [
      {
        "Some": [
          183,
          138,
          58,
          59,
          163,
          46,
          26,
          177,
          211,
          184,
          208,
          75,
          104,
          247,
          203,
          64,
          214,
          241,
          4,
          173,
          188,
          179,
          102,
          64,
          90,
          29,
          67,
          158,
          23,
          21,
          206,
          84
        ]
      },
      {
        "header_code": 166612,
        "amount": 6000000,
        "spk_ty": "PubKeyHash"
      }
    ]
  ],
  [
    {
      "previous_output": "e94a7dcbe65341ac9605b5e231f8edb8ee1386b0977c5aee9d7d9948351245b4:0",
      "script_sig": "49304602210081a97b40b71b01f1bd87ff089cec72d020e0a2ca566870cf856751af2b3fcb1f022100c5ffaa64ee47f97a9486efe3f3539d1014f5e1d4e44ab264c2122ffa3d3cc8640141049fbf89bee7021adc40e8153ac7cce112b7e2ab7e424941d9aaee4281bd4b5ef4280f6043c6693caf814ea0178a3fc2e8c388d11805322ca014b3a09395b2f9dc",
      "sequence": 4294967295,
      "witness": []
    },
    [
      {
        "Some": [
          118,
          205,
          221,
          225,
          229,
          160,
          131,
          230,
          157,
          125,
          178,
          207,
          100,
          104,
          113,
          80,
          173,
          174,
          32,
          207,
          229,
          99,
          21,
          233,
          11,
          143,
          6,
          184,
          157,
          175,
          205,
          169
        ]
      },
      {
        "header_code": 166612,
        "amount": 34307000000,
        "spk_ty": "PubKeyHash"
      }
    ]
  ],
  [
    {
      "previous_output": "7c2bdb73de7dace8eef4a4775e6fcd4411b8a1d340be9ee353ae46e33fb4dd46:0",
      "script_sig": "473044022007950a78282d06ddb02937f7751d68abe9a4f04cdd352ea35b5b2f9058e0280e02203644ec094d4dc78c605c613b25b3617a666dd0b995f4cdab7c6d4adfc31cf1cb014104cd57bed74380b82525b1473a2771f76f8c985604cac6fd1e8fe83885cd1981b461ee2f8d46c787cee8e5c333ac67d223e4c6967262c10c81b0107e9b62083391",
      "sequence": 4294967295,
      "witness": []
    },
    [
      {
        "Some": [
          0,
          226,
          171,
          148,
          207,
          89,
          18,
          18,
          96,
          75,
          170,
          204,
          139,
          117,
          246,
          228,
          56,
          35,
          3,
          81,
          70,
          17,
          32,
          254,
          99,
          15,
          134,
          27,
          157,
          240,
          136,
          118
        ]
      },
      {
        "header_code": 166612,
        "amount": 68000000,
        "spk_ty": "PubKeyHash"
      }
    ]
  ],
  [
    {
      "previous_output": "135d64eb73cd86d7f4a6f77f4c3b93511e3851a89bdfc2d9d319b57c96be19b2:1",
      "script_sig": "49304602210094ab97d57a540d8943575ca0f53710530e83d7fb8eb2cc890ae89b94ff66bf24022100f1307d159689700850c4f7552b465940b3f76fd8e97d5de9fca818e04aa05e32014104c5a561bdd8c5cb3f07dd100641100c2921c7f537cf4fa7f5865597d7765a5f7258d867bfe71f7fac8a837ee9f5e50ceb9896aaee0ce85853661652bdbd5dc6a2",
      "sequence": 4294967295,
      "witness": []
    },
    [
      {
        "Some": [
          32,
          181,
          183,
          4,
          220,
          137,
          27,
          113,
          121,
          158,
          83,
          165,
          180,
          187,
          151,
          72,
          75,
          178,
          250,
          58,
          195,
          18,
          146,
          11,
          233,
          89,
          204,
          13,
          111,
          236,
          173,
          60
        ]
      },
      {
        "header_code": 166612,
        "amount": 4000000,
        "spk_ty": "PubKeyHash"
      }
    ]
  ],
  [
    {
      "previous_output": "5a78c1fe01f787adb81f9639fe9900217377fc80ff718f6309980cec1627298b:0",
      "script_sig": "493046022100bcb467fcdfed2aab3c5dc8fa9f9387bd0e9e94066e061814d123beecb0f7cc93022100b02306ab639ce625403715be97463fd32bdbee7267ebefff88908a4aa58fcb2c0141041d505bb6ab2d06f5fb792f40c6b6a0b96281f45c70c475bebdc2ce4f36cc4b239c667e8f6636dd6f98862dd0d330dd57b787e486b1524a05f9f301ece2ff0c46",
      "sequence": 4294967295,
      "witness": []
    },
    [
      {
        "Some": [
          40,
          101,
          76,
          180,
          180,
          178,
          216,
          34,
          213,
          101,
          14,
          177,
          48,
          220,
          175,
          200,
          143,
          21,
          51,
          90,
          254,
          94,
          12,
          187,
          117,
          50,
          40,
          145,
          38,
          139,
          108,
          167
        ]
      },
      {
        "header_code": 166370,
        "amount": 31000000,
        "spk_ty": "PubKeyHash"
      }
    ]
  ],
  [
    {
      "previous_output": "28042068df142b624a503bff6a2abb1fa2ae2d61f3aff30734af0645ef37db91:0",
      "script_sig": "48304502203b7d301ef0881ba1a1b6c5e6b6c7f15b5974203f24245b84f0a68ac7b3debfab022100a2e5719189f8d2bd5d174e2fe75ea51f794f1254edfa86e8bfeba5ec903d68440141043b14568fe6372f6bcf8ae4e11a36d561e29a840589abbdf0757689ecffd95500f2dcb767667fe77ce9167d039f417bde94f012cdeaae3146e2f1fb2ce38cfd6d",
      "sequence": 4294967295,
      "witness": []
    },
    [
      {
        "Some": [
          29,
          131,
          250,
          185,
          165,
          187,
          214,
          174,
          52,
          107,
          154,
          191,
          84,
          34,
          61,
          74,
          75,
          152,
          73,
          131,
          219,
          92,
          253,
          218,
          52,
          8,
          189,
          233,
          95,
          218,
          81,
          111
        ]
      },
      {
        "header_code": 166612,
        "amount": 2000000,
        "spk_ty": "PubKeyHash"
      }
    ]
  ],
  [
    {
      "previous_output": "2e5e7471e8d07d47b9f12013237cb486b736d33a7f708b571411920fe0d33125:1",
      "script_sig": "4830450220609b50a5772fd0bbaae1a93719fa22fa747e53a1918eff78a046323bda8a38cb0221008747582b74396e15190f0c59f94ea5908f3a15302e68a11dbd4f8a9ccd409615014104e9ecd0fd4283c73fdd82bc53b4fa9201e43600512853a5caa163bcfe065b1987b5c2b9cdb697b29fd8e0b380e6d05bad96631e395312c8a3db616b2b080dc626",
      "sequence": 4294967295,
      "witness": []
    },
    [
      {
        "Some": [
          97,
          40,
          255,
          181,
          110,
          147,
          85,
          89,
          237,
          77,
          103,
          238,
          30,
          45,
          217,
          84,
          209,
          209,
          117,
          130,
          7,
          137,
          175,
          17,
          133,
          115,
          139,
          98,
          189,
          202,
          220,
          123
        ]
      },
      {
        "header_code": 166612,
        "amount": 69000000,
        "spk_ty": "PubKeyHash"
      }
    ]
  ],
  [
    {
      "previous_output": "2bc553ebfde2d30a7d58e639f1402946f3d7d0658a1db6e8781e87b201aa77ce:1",
      "script_sig": "483045022100f0e141d0f2c01f65fb0966c21480f612388b446e97e07efcee3411d31ea83db802204f2107986f67c72e09e3480e84e39e966a278b58acf397c3d5b32520bf5372620141040155df1384c82823e2d7d6b6e8aba501a05a0e6368482560703a7cb2b3b0eaff81edebc0802b94316460dabd3fa257d0bae43f397bae9dbfb38983635be8131c",
      "sequence": 4294967295,
      "witness": []
    },
    [
      {
        "Some": [
          65,
          38,
          115,
          81,
          42,
          145,
          241,
          211,
          5,
          14,
          156,
          251,
          152,
          138,
          180,
          241,
          66,
          234,
          17,
          87,
          111,
          165,
          175,
          164,
          5,
          181,
          66,
          126,
          102,
          142,
          120,
          184
        ]
      },
      {
        "header_code": 166612,
        "amount": 18000000,
        "spk_ty": "PubKeyHash"
      }
    ]
  ],
  [
    {
      "previous_output": "a3e88477692a69d743dc97888d9ef520c2114e3f67d81bb9b28ce176a3dd480d:1",
      "script_sig": "4730440220179afa9f508fa40b78ada68d5199cd2c2d34893e7933e2df46118a45db2c3f2102205e141b64d7c1c6ae1b2eddd48e92ad9b04bc1541e55fbbda5d2ad87ed29e043e014104fb4b35dc5ff467a3be11266e0671c94f9d9e4d50afd873bba69f50796912a307677642997cacd0f35469912f45eaddc09759306ce5f14ef85e083cdc0ae53c5c",
      "sequence": 4294967295,
      "witness": []
    },
    [
      {
        "Some": [
          154,
          134,
          215,
          208,
          172,
          159,
          207,
          169,
          224,
          232,
          58,
          178,
          106,
          194,
          235,
          50,
          222,
          87,
          23,
          116,
          226,
          237,
          119,
          19,
          120,
          8,
          3,
          245,
          205,
          120,
          176,
          94
        ]
      },
      {
        "header_code": 166312,
        "amount": 15000000,
        "spk_ty": "PubKeyHash"
      }
    ]
  ],
  [
    {
      "previous_output": "6579aa10422c97693ebbe4f529531f8dd002d7d7df77abf939c0a3c696955df1:0",
      "script_sig": "493046022100c48784ab57591306bcf5c31a37f1eeaaa648366c93630fd0b2a9f72479ca91f1022100fba92489a35633c92c4046772f938f0d1ef0e3a1e8b5c1ef6279379bc792d510014104e30c17cd56df81af29316ab8ad0d3a4458a3d7240a62d84485126eb0b6d7739ddda7afe2010ca7113eac516e46dbd2730b7732549bd64c5f4006855ed827b799",
      "sequence": 4294967295,
      "witness": []
    },
    [
      {
        "Some": [
          206,
          62,
          125,
          147,
          38,
          85,
          34,
          149,
          88,
          210,
          195,
          56,
          78,
          86,
          214,
          20,
          177,
          170,
          96,
          163,
          251,
          134,
          141,
          149,
          82,
          145,
          31,
          75,
          88,
          196,
          76,
          247
        ]
      },
      {
        "header_code": 166552,
        "amount": 71000000,
        "spk_ty": "PubKeyHash"
      }
    ]
  ],
  [
    {
      "previous_output": "9ec5135923291d0e1cfd5401a0aa511466ebc34a3c4f4d3810c3d2d742532a42:0",
      "script_sig": "47304402202c79536b2fb08c08588d2f4043a0f0e95fbfcf03bfd8718d7299ed14b5da4f73022065bde10a96049e65181cf7c4ad90f4c25f5a362d34e94edcaa0f6eb556b9fca101",
      "sequence": 4294967295,
      "witness": []
    },
    [
      {
        "Some": [
          50,
          117,
          204,
          222,
          228,
          86,
          152,
          34,
          190,
          188,
          145,
          17,
          47,
          104,
          37,
          166,
          0,
          29,
          51,
          121,
          179,
          198,
          153,
          196,
          79,
          179,
          230,
          196,
          84,
          7,
          221,
          254
        ]
      },
      {
        "header_code": 166289,
        "amount": 5000000000,
        "spk_ty": {
          "Other": [
            65,
            4,
            202,
            111,
            127,
            244,
            157,
            227,
            80,
            180,
            251,
            85,
            194,
            208,
            228,
            42,
            149,
            134,
            97,
            60,
            147,
            204,
            234,
            217,
            150,
            159,
            127,
            227,
            76,
            174,
            147,
            79,
            108,
            169,
            18,
            152,
            5,
            176,
            224,
            107,
            5,
            144,
            169,
            21,
            59,
            18,
            117,
            217,
            45,
            60,
            241,
            67,
            87,
            59,
            221,
            126,
            139,
            119,
            185,
            152,
            40,
            62,
            220,
            153,
            38,
            177,
            172
          ]
        }
      }
    ]
  ],
  [
    {
      "previous_output": "064566f2ceb3ef4f466e8e54d36f0ad3977ff481c504cdec2d428283048d0c1d:0",
      "script_sig": "48304502200e7bcbfd1c18e475e69ab71e4f33d55f4df20dfba3e69f9d2dfa867377ed834a022100c6a91f0e02071692478c30b8f91c51bc1061d381895a559a780392e343b34ee601",
      "sequence": 4294967295,
      "witness": []
    },
    [
      {
        "Some": [
          230,
          163,
          188,
          190,
          175,
          35,
          241,
          234,
          224,
          31,
          48,
          125,
          107,
          81,
          97,
          217,
          202,
          144,
          18,
          179,
          10,
          202,
          16,
          181,
          225,
          197,
          192,
          37,
          26,
          169,
          164,
          242
        ]
      },
      {
        "header_code": 166313,
        "amount": 5000000000,
        "spk_ty": {
          "Other": [
            65,
            4,
            186,
            193,
            171,
            156,
            253,
            14,
            61,
            146,
            16,
            242,
            164,
            212,
            252,
            53,
            223,
            253,
            211,
            237,
            250,
            224,
            63,
            112,
            200,
            182,
            152,
            32,
            238,
            155,
            134,
            194,
            148,
            216,
            2,
            62,
            104,
            147,
            188,
            197,
            73,
            82,
            18,
            210,
            253,
            249,
            106,
            158,
            99,
            27,
            167,
            137,
            217,
            21,
            87,
            107,
            56,
            232,
            65,
            149,
            37,
            48,
            245,
            171,
            114,
            94,
            172
          ]
        }
      }
    ]
  ],
  [
    {
      "previous_output": "6364ebc005ec341e011ef8c5aea48b6a42d18e3ae2b9871f5ef8815b17551ff7:1",
      "script_sig": "48304502210099a5cfdbe36ddb8c5ab29c1a84703a10567f98629c517b3998993ac67e2fab3902206791076dc5c711b08bb1425dddc9b4c19027f6e8946f957ef65805e08fae3a3c01410450beb90ab64c6536cf9fcee3a74cbee4d0c83de2989562968a4395c342a0b2f332d9c3d12bc752f5987a7396d2543075f33362cdc8aa79a5b44d3d413e61d4da",
      "sequence": 4294967295,
      "witness": []
    },
    [
      {
        "Some": [
          231,
          190,
          32,
          130,
          124,
          137,
          205,
          206,
          200,
          33,
          143,
          65,
          177,
          30,
          83,
          96,
          130,
          199,
          98,
          229,
          147,
          156,
          147,
          245,
          4,
          97,
          119,
          53,
          177,
          5,
          45,
          28
        ]
      },
      {
        "header_code": 166612,
        "amount": 30000000,
        "spk_ty": "PubKeyHash"
      }
    ]
  ],
  [
    {
      "previous_output": "90176e836c74150f899ed0535c1a6c158c8a7e7f364452d6d520f83c110936e4:0",
      "script_sig": "483045022100b3e81346078cd88ffe03922ce0e25da082aeb460f478698806ec77d8f108674402207116ba65489ee4679e21a0ecba2be9d562b74c2a8a9ce79142e0303fd8bc828b014104110ded59f26d4d437b46cea86ed02b99c05c9fc33ceb891c7aad6f864b23b8f08cc7dfd42714e812ee472a5378bb86c25465a860cf176a6053cefe1eec28c3bd",
      "sequence": 4294967295,
      "witness": []
    },
    [
      {
        "Some": [
          217,
          100,
          198,
          72,
          157,
          69,
          148,
          170,
          188,
          45,
          203,
          227,
          18,
          89,
          160,
          55,
          183,
          215,
          121,
          171,
          151,
          231,
          101,
          91,
          217,
          221,
          91,
          18,
          136,
          44,
          166,
          199
        ]
      },
      {
        "header_code": 166376,
        "amount": 3000000,
        "spk_ty": "PubKeyHash"
      }
    ]
  ],
  [
    {
      "previous_output": "3fd440b7c9063993bc13a8d34c22a2669eaf5597f5a2190f557ef5d44bbf5166:0",
      "script_sig": "493046022100eeaac4dc34010d18092d443f2a49c17c253c4306939e97612319657cbddf25a0022100e5e62804b11dae1d015214a4e63c5eb7213321c07cbf3133f9ebb287210cac7701",
      "sequence": 4294967295,
      "witness": []
    },
    [
      {
        "Some": [
          60,
          177,
          158,
          88,
          4,
          140,
          62,
          190,
          84,
          91,
          60,
          131,
          215,
          224,
          209,
          246,
          8,
          191,
          211,
          240,
          203,
          163,
          39,
          54,
          188,
          24,
          96,
          234,
          124,
          207,
          172,
          163
        ]
      },
      {
        "header_code": 166271,
        "amount": 5000000000,
        "spk_ty": {
          "Other": [
            65,
            4,
            237,
            144,
            156,
            96,
            202,
            79,
            43,
            237,
            72,
            181,
            69,
            104,
            173,
            17,
            223,
            120,
            103,
            252,
            81,
            33,
            193,
            228,
            117,
            47,
            238,
            152,
            159,
            144,
            218,
            77,
            164,
            157,
            241,
            99,
            197,
            200,
            2,
            95,
            64,
            228,
            191,
            217,
            57,
            4,
            126,
            42,
            194,
            7,
            102,
            44,
            232,
            125,
            90,
            29,
            150,
            231,
            52,
            55,
            196,
            20,
            22,
            32,
            246,
            41,
            172
          ]
        }
      }
    ]
  ],
  [
    {
      "previous_output": "693b53e107bee462acab22e615b9594d6dba3917265962916568413e34a11cbe:1",
      "script_sig": "49304602210097731a94ccece793dd38b35545d5b1d4179ce9b5ebdaf5c5bfbb92d8e083eaac0221008d20123ff2379fada098e3ec564bc16b7d08605d6011ed2321813eddc3170b14014104b99d21e2ee0c4e4545c1cd21699f0c9941085c2d861631256f34102cfa9be73869b46cdf73e3f3ca0ef595faa5a7fabd43a89cc32dc740bb53e87341459d38d2",
      "sequence": 4294967295,
      "witness": []
    },
    [
      {
        "Some": [
          222,
          63,
          91,
          141,
          65,
          43,
          223,
          239,
          61,
          254,
          155,
          73,
          106,
          181,
          37,
          129,
          137,
          66,
          176,
          176,
          64,
          90,
          156,
          117,
          177,
          187,
          225,
          17,
          99,
          156,
          236,
          238
        ]
      },
      {
        "header_code": 166612,
        "amount": 10000000,
        "spk_ty": "PubKeyHash"
      }
    ]
  ],
  [
    {
      "previous_output": "b270e00f7d9bb23a913a70dd041a8f73d98114fc81dab1039757b9d4c9eea126:0",
      "script_sig": "483045022100b468ddd1b29c70d46e4a80bf97b762ac734eba42cc9cbecd5c15ba017f8dd2f2022028468a7497ccf575d80e9493e626c5000cf78ea510afa4a398f93faf9989217f0141049881b90f7928d145ffb7655045de6107b20b9dd890572e0063425ecc08d1d4315c492633095b303334cb9b0fb8d4472540c4a02c8f454a3a215050772d75fd54",
      "sequence": 4294967295,
      "witness": []
    },
    [
      {
        "Some": [
          82,
          218,
          63,
          113,
          211,
          29,
          197,
          38,
          4,
          34,
          95,
          49,
          157,
          38,
          25,
          18,
          23,
          124,
          155,
          116,
          123,
          96,
          48,
          75,
          134,
          10,
          2,
          81,
          120,
          253,
          200,
          61
        ]
      },
      {
        "header_code": 166612,
        "amount": 3000000,
        "spk_ty": "PubKeyHash"
      }
    ]
  ]
]