[
  [
    {
      "previous_output": "d8c596fea46fc4c5abd6f86ceb373c7aadcc57d07ebf1bc200a7d71243649e26:0",
      "script_sig": "493046022100934baf179ee5d14291e2c1c39414889eb20e020f80e716907102b87b76ca2d220221008bfc18a02310216a1abcfc382dedf7b13ac5fcf51990f6998cff876f4f93aabe01",
      "sequence": 4294967295,
      "witness": []
    },
    [
      {
        "Some": [
          2,
          196,
          157,
          12,
          236,
          20,
          38,
          56,
          241,
          12,
          1,
          93,
          234,
          15,
          216,
          58,
          243,
          152,
          136,
          160,
          158,
          46,
          177,
          147,
          31,
          93,
          207,
          234,
          32,
          183,
          87,
          239
        ]
      },
      {
        "header_code": 114275,
        "amount": 5000000000,
        "spk_ty": {
          "Other": [
            65,
            4,
            161,
            117,
            228,
            157,
            235,
            199,
            246,
            51,
            238,
            128,
            123,
            221,
            231,
            26,
            37,
            38,
            132,
            27,
            59,
            38,
            141,
            86,
            39,
            17,
            103,
            201,
            120,
            77,
            125,
            61,
            96,
            232,
            55,
            242,
            3,
            149,
            126,
            119,
            217,
            200,
            3,
            229,
            156,
            196,
            152,
            228,
            167,
            230,
            229,
            40,
            63,
            139,
            59,
            18,
            89,
            225,
            54,
            194,
            212,
            54,
            147,
            247,
            219,
            35,
            172
          ]
        }
      }
    ]
  ],
  [
    {
      "previous_output": "871c1addd587169ac689018980b7ee0693626fd400e3567e4ae074b6a86a37aa:0",
      "script_sig": "483045022100bbef3f7f0aaa6e37e3135397081ca8be2d2f819d3f8fb557eb2b8018f2133f2c0220163a85216c32a8fbcee0ab33b608ec405e57866e32c414f30004b1fb146a843e01",
      "sequence": 4294967295,
      "witness": []
    },
    [
      {
        "Some": [
          251,
          52,
          248,
          192,
          60,
          43,
          156,
          221,
          50,
          167,
          99,
          6,
          147,
          172,
          26,
          170,
          162,
          203,
          54,
          6,
          173,
          246,
          9,
          16,
          191,
          108,
          185,
          234,
          8,
          42,
          62,
          121
        ]
      },
      {
        "header_code": 114049,
        "amount": 5000000000,
        "spk_ty": {
          "Other": [
            65,
            4,
            2,
            127,
            98,
            182,
            190,
            244,
            200,
            159,
            129,
            223,
            153,
            80,
            101,
            121,
            24,
            54,
            228,
            155,
            37,
            77,
            106,
            181,
            147,
            124,
            112,
            98,
            238,
            220,
            251,
            185,
            134,
            9,
            80,
            45,
            207,
            101,
            193,
            64,
            14,
            39,
            166,
            201,
            19,
            111,
            205,
            103,
            202,
            249,
            157,
            174,
            172,
            145,
            75,
            77,
            142,
            148,
            9,
            217,
            252,
            208,
            169,
            252,
            42,
            171,
            172
          ]
        }
      }
    ]
  ],
  [
    {
      "previous_output": "ad20aa2baf8f247a9a29436034c03123e77e14985901a5073ec3a5198d3fd336:0",
      "script_sig": "483045022040639dbf9c9151d1e83e669aec68d7a032b4fdaf0034f441727aa590c08e14420221008b5428b5c670e8d51f45dc421794aaf7954c71588c335756babd680d0221af8e01",
      "sequence": 4294967295,
      "witness": []
    },
    [
      {
        "Some": [
          40,
          24,
          13,
          127,
          238,
          234,
          51,
          93,
          78,
          116,
          14,
          141,
          59,
          165,
          142,
          66,
          103,
          164,
          130,
          220,
          213,
          228,
          237,
          157,
          167,
          67,
          254,
          242,
          107,
          95,
          180,
          49
        ]
      },
      {
        "header_code": 114271,
        "amount": 5000000000,
        "spk_ty": {
          "Other": [
            65,
            4,
            10,
            19,
            88,
            211,
            63,
            1,
            41,
            50,
            149,
            249,
            111,
            47,
            204,
            67,
            147,
            236,
            128,
            143,
            217,
            164,
            253,
            152,
            238,
            116,
            241,
            41,
            101,
            26,
            155,
            0,
            159,
            101,
            150,
            97,
            0,
            13,
            174,
            108,
            123,
            148,
            147,
            62,
            82,
            90,
            134,
            36,
            228,
            221,
            8,
            132,
            153,
            63,
            119,
            207,
            237,
            228,
            176,
            151,
            173,
            117,
            20,
            178,
            90,
            143,
            172
          ]
        }
      }
    ]
  ],
  [
    {
      "previous_output": "2b18dcd4c3b89c72c10e0d6777fcf7a909b02bf835b56856c38d1d5e4d705a51:0",
      "script_sig": "48304502210087c7be6b08f3d6cae1dd7e4c55530d505b942e532f2a16ce693d347b87e19e96022079d3c6856cbf75753693d49fe343ee647d58382a834fb9c1deaef0e66771652b01",
      "sequence": 4294967295,
      "witness": []
    },
    [
      {
        "Some": [
          201,
          146,
          214,
          55,
          206,
          32,
          143,
          3,
          231,
          216,
          155,
          49,
          6,
          120,
          15,
          16,
          255,
          180,
          228,
          99,
          183,
          82,
          84,
          188,
          251,
          175,
          7,
          247,
          22,
          113,
          108,
          130
        ]
      },
      {
        "header_code": 114077,
        "amount": 5000000000,
        "spk_ty": {
          "Other": [
            65,
            4,
            9,
            71,
            174,
            115,
            215,
            23,
            90,
            154,
            246,
            42,
            252,
            8,
            187,
            119,
            122,
            172,
            106,
            69,
            68,
            169,
            194,
            14,
            131,
            7,
            179,
            30,
            145,
            83,
            13,
            247,
            18,
            51,
            14,
            61,
            42,
            143,
            210,
            0,
            185,
            45,
            217,
            241,
            146,
            73,
            150,
            194,
            87,
            196,
            201,
            127,
            39,
            221,
            140,
            57,
            83,
            179,
            176,
            18,
            89,
            88,
            39,
            108,
            192,
            80,
            172
          ]
        }
      }
    ]
  ],
  [
    {
      "previous_output": "f5998ce2fa8ef7c25913e4ee1fbb1717282fd56669a676d18f9413bb66a486f9:0",
      "script_sig": "493046022100a594a438352d1f6e29c7e8c09f6e5ba1eff84eab83e8f1b32527b0eabf945280022100ac0e92ff7bb0e723812a9c0ca1c897af5d18c4617bf257842611b64c367d8fd701",
      "sequence": 4294967295,
      "witness": []
    },
    [
      {
        "Some": [
          66,
          41,
          201,
          198,
          17,
          147,
          137,
          213,
          56,
          76,
          218,
          230,
          25,
          166,
          196,
          110,
          191,
          26,
          195,
          233,
          63,
          162,
          32,
          241,
          186,
          28,
          25,
          214,
          48,
          176,
          7,
          17
        ]
      },
      {
        "header_code": 114329,
        "amount": 5000000000,
        "spk_ty": {
          "Other": [
            65,
            4,
            91,
            203,
            185,
            137,
            133,
            215,
            1,
            107,
            181,
            58,
            200,
            17,
            151,
            160,
            195,
            244,
            113,
            112,
            4,
            172,
            92,
            2,
            158,
            98,
            121,
            51,
            37,
            128,
            116,
            1,
            228,
            13,
            90,
            72,
            55,
            80,
            39,
            219,
            146,
            6,
            33,
            17,
            200,
            195,
            82,
            52,
            173,
            63,
            192,
            204,
            126,
            93,
            166,
            33,
            230,
            21,
            122,
            44,
            183,
            254,
            38,
            120,
            45,
            201,
            172
          ]
        }
      }
    ]
  ],
  [
    {
      "previous_output": "19aca0abfd4ce5a0094cc51cef3145e3b49f27bf8a44c5c3f3c2a6129ab5b09c:0",
      "script_sig": "48304502205726c0ad1ea0c209d7558eac6a610113843a68e89d40693175a8bd9183d83ab9022100fc31343a16d10432f2adda91b2851a1f98567d9dee41a7a187388e4849fcdbee01",
      "sequence": 4294967295,
      "witness": []
    },
    [
      {
        "Some": [
          56,
          82,
          42,
          172,
          231,
          2,
          90,
          213,
          183,
          75,
          7,
          130,
          171,
          63,
          221,
          61,
          198,
          238,
          83,
          167,
          157,
          8,
          48,
          69,
          238,
          239,
          107,
          21,
          135,
          197,
          171,
          213
        ]
      },
      {
        "header_code": 114281,
        "amount": 5000000000,
        "spk_ty": {
          "Other": [
            65,
            4,
            20,
            140,
            131,
            147,
            139,
            32,
            203,
            135,
            238,
            103,
            197,
            214,
            152,
            231,
            250,
            56,
            115,
            43,
            64,
            23,
            90,
            74,
            61,
            64,
            240,
            234,
            51,
            51,
            64,
            33,
            62,
            113,
            54,
            64,
            173,
            155,
            110,
            166,
            64,
            66,
            88,
            86,
            187,
            214,
            240,
            42,
            111,
            56,
            190,
            254,
            79,
            117,
            129,
            161,
            133,
            89,
            118,
            117,
            7,
            138,
            57,
            162,
            117,
            19,
            172
          ]
        }
      }
    ]
  ],
  [
    {
      "previous_output": "755a0f2cd311b62e64b431fcb0d8a3a6b65317c280ba00ad4cfeba29fdb70e06:0",
      "script_sig": "4930460221009072fc8ba6117e55162707c32143bc7574ed96002dfc8497504c0ed9a5c5dce2022100f22d4bed43cf7227cf9e92376ac738aa94df8ea3a32de46c1da1393af2e1130001",
      "sequence": 4294967295,
      "witness": []
    },
    [
      {
        "Some": [
          134,
          65,
          193,
          84,
          140,
          164,
          217,
          4,
          182,
          137,
          151,
          247,
          62,
          3,
          36,
          215,
          167,
          28,
          215,
          230,
          190,
          245,
          236,
          71,
          128,
          255,
          227,
          92,
          104,
          69,
          11,
          86
        ]
      },
      {
        "header_code": 114149,
        "amount": 5000000000,
        "spk_ty": {
          "Other": [
            65,
            4,
            82,
            133,
            103,
            24,
            173,
            35,
            169,
            49,
            183,
            100,
            129,
            116,
            16,
            194,
            249,
            82,
            27,
            180,
            108,
            235,
            234,
            176,
            210,
            248,
            126,
            210,
            60,
            162,
            209,
            58,
            83,
            118,
            252,
            184,
            24,
            149,
            197,
            241,
            226,
            93,
            93,
            34,
            227,
            171,
            97,
            50,
            255,
            75,
            193,
            78,
            57,
            100,
            175,
            225,
            139,
            148,
            219,
            103,
            173,
            59,
            127,
            132,
            85,
            53,
            172
          ]
        }
      }
    ]
  ],
  [
    {
      "previous_output": "2d02721cabb6ff7e62b61f71150fcbd3e4bf2f9367ceeda13239b988a53bad98:0",
      "script_sig": "483045022027bebbdfa918f2982ffaad9bf588e0fe272ebfa152242575a63a729c782d8b13022100b2c3866d48833c60105eda8b0494941e314f561292eea6824cdf012b3cf2fc0b01",
      "sequence": 4294967295,
      "witness": []
    },
    [
      {
        "Some": [
          41,
          218,
          230,
          171,
          122,
          177,
          93,
          48,
          215,
          174,
          106,
          143,
          26,
          8,
          55,
          214,
          180,
          140,
          28,
          74,
          69,
          193,
          229,
          193,
          21,
          165,
          240,
          85,
          235,
          122,
          187,
          147
        ]
      },
      {
        "header_code": 114303,
        "amount": 5000000000,
        "spk_ty": {
          "Other": [
            65,
            4,
            181,
            240,
            179,
            123,
            85,
            15,
            232,
            80,
            171,
            49,
            223,
            59,
            135,
            134,
            155,
            221,
            123,
            25,
            16,
            199,
            165,
            236,
            163,
            207,
            27,
            162,
            104,
            58,
            235,
            136,
            224,
            141,
            202,
            25,
            247,
            8,
            125,
            73,
            253,
            92,
            164,
            16,
            127,
            220,
            168,
            64,
            242,
            212,
            9,
            76,
            203,
            25,
            140,
            176,
            18,
            39,
            110,
            0,
            208,
            19,
            168,
            28,
            22,
            112,
            172
          ]
        }
      }
    ]
  ],
  [
    {
      "previous_output": "1dd1366621469cb140949e1f6da61db81781b0b6086012b2f56f9ca21f134e43:0",
      "script_sig": "493046022100818628f0eacf903b6f2c8af1bc197890e1b9201275f8eab902e3f7913a437e1b022100e0a714884c75c9fdf09bb7897a469112d3e089d075cf2e08347a362a26ff94a801",
      "sequence": 4294967295,
      "witness": []
    },
    [
      {
        "Some": [
          238,
          179,
          34,
          55,
          30,
          131,
          203,
          4,
          0,
          14,
          57,
          69,
          41,
          160,
          33,
          202,
          46,
          39,
          30,
          60,
          88,
          186,
          58,
          129,
          22,
          34,
          148,
          3,
          241,
          73,
          209,
          241
        ]
      },
      {
        "header_code": 114061,
        "amount": 5000000000,
        "spk_ty": {
          "Other": [
            65,
            4,
            186,
            94,
            143,
            135,
            194,
            42,
            20,
            145,
            249,
            12,
            86,
            174,
            98,
            183,
            174,
            192,
            152,
            176,
            106,
            255,
            211,
            235,
            142,
            203,
            29,
            52,
            119,
            115,
            179,
            165,
            29,
            69,
            90,
            37,
            205,
            108,
            90,
            44,
            68,
            122,
            98,
            43,
            73,
            4,
            26,
            173,
            189,
            212,
            158,
            1,
            218,
            30,
            157,
            153,
            49,
            162,
            25,
            16,
            95,
            166,
            80,
            11,
            91,
            77,
            172
          ]
        }
      }
    ]
  ],
  [
    {
      "previous_output": "fa0d44e63cd1653e1815b5bfc58f9fb03c92786b3c838573011793415295321e:0",
      "script_sig": "483045022100a6f88b4cb208145abbfece12e6e39a2a0e1677deffc68cd77a84a9d32804115902206eff9703212dcdd296341504490d72b7940c165d6abf0b095174fdca2eed684301",
      "sequence": 4294967295,
      "witness": []
    },
    [
      {
        "Some": [
          51,
          56,
          110,
          108,
          108,
          184,
          39,
          64,
          123,
          62,
          212,
          37,
          231,
          116,
          87,
          169,
          191,
          13,
          171,
          181,
          133,
          194,
          110,
          131,
          82,
          117,
          155,
          60,
          230,
          115,
          47,
          187
        ]
      },
      {
        "header_code": 114293,
        "amount": 5000000000,
        "spk_ty": {
          "Other": [
            65,
            4,
            243,
            0,
            71,
            235,
            142,
            255,
            123,
            26,
            109,
            255,
            96,
            94,
            232,
            112,
            235,
            87,
            129,
            199,
            178,
            215,
            114,
            225,
            196,
            218,
            155,
            2,
            86,
            116,
            50,
            185,
            70,
            38,
            3,
            66,
            24,
            185,
            159,
            127,
            87,
            217,
            39,
            193,
            113,
            163,
            136,
            35,
            72,
            17,
            127,
            86,
            72,
            100,
            242,
            134,
            104,
            45,
            141,
            97,
            28,
            9,
            223,
            185,
            131,
            125,
            172
          ]
        }
      }
    ]
  ]
]