[
  [
    {
      "previous_output": "141230fca1908acb0a7aa3f3d26da5172c411e0d6c0b9242cde1072fa5febc09:0",
      "script_sig": "4830450220654d05b154f76fb83ef2dd8b39906cf926bd49ce126e6fe1156ee271db3403ba022100a9a7e77618dd9b114c4c0cf94e4772eff75478bbb2a2f9a1337f1cd1c28ab4ce01",
      "sequence": 4294967295,
      "witness": []
    },
    [
      {
        "Some": [
          72,
          216,
          53,
          174,
          180,
          224,
          233,
          198,
          35,
          135,
          123,
          246,
          212,
          77,
          222,
          28,
          19,
          229,
          254,
          81,
          88,
          214,
          37,
          228,
          72,
          241,
          222,
          176,
          24,
          199,
          251,
          130
        ]
      },
      {
        "header_code": 79583,
        "amount": 5000000000,
        "spk_ty": {
          "Other": [
            65,
            4,
            201,
            204,
            56,
            1,
            10,
            98,
            19,
            87,
            236,
            85,
            250,
            218,
            185,
            250,
            81,
            238,
            240,
            48,
            98,
            100,
            96,
            126,
            72,
            72,
            56,
            175,
            73,
            3,
            121,
            154,
            156,
            78,
            227,
            233,
            22,
            133,
            191,
            209,
            168,
            189,
            57,
            56,
            155,
            102,
            178,
            47,
            173,
            224,
            158,
            207,
            192,
            213,
            202,
            167,
            72,
            247,
            50,
            241,
            62,
            79,
            146,
            83,
            119,
            173,
            172
          ]
        }
      }
    ]
  ],
  [
    {
      "previous_output": "4dc7467b96a1098a3e7208b4b686e6d91aec9493575171d3e82ba28438a600c3:0",
      "script_sig": "483045022023a368dde84838b8d3d2b7bf3749bed48ce3832e18b962d1a2e9d42a64acc3fc022100e703697244d82eab8c727b96b86b2cdf56398f16e81f362a36908f5a06b057a3014104af2e22f90728c739f45c043fad4d08de8c5120a6a5b2840b11800cf840e2974698193bd734e1995aad3acb2ef44d69fc9c9aa52727a002e10ad25035a5e89c1c",
      "sequence": 4294967295,
      "witness": []
    },
    [
      {
        "Some": [
          139,
          141,
          44,
          152,
          143,
          186,
          42,
          202,
          84,
          128,
          87,
          217,
          143,
          167,
          221,
          116,
          71,
          88,
          82,
          142,
          225,
          110,
          119,
          192,
          8,
          214,
          182,
          62,
          125,
          209,
          204,
          98
        ]
      },
      {
        "header_code": 105424,
        "amount": 5000000000,
        "spk_ty": "PubKeyHash"
      }
    ]
  ],
  [
    {
      "previous_output": "d169aa7fc395aecab31a0efd775986cba5a1a32d0e07aac4d9684d70cdec4237:0",
      "script_sig": "493046022100f0bad721462c1dfe4a1d0a3ecaaf17b1a3b2c2748ab49d4c338cc498ede1be52022100a9cbe42948739e223509edc2fd2ed1e2fca81caf786bf4d5eb854461df56a7d901",
      "sequence": 4294967295,
      "witness": []
    },
    [
      {
        "Some": [
          81,
          172,
          157,
          180,
          5,
          74,
          118,
          211,
          7,
          167,
          102,
          240,
          87,
          130,
          116,
          40,
          27,
          165,
          173,
          219,
          145,
          185,
          181,
          74,
          20,
          117,
          59,
          247,
          200,
          235,
          193,
          90
        ]
      },
      {
        "header_code": 80931,
        "amount": 5000000000,
        "spk_ty": {
          "Other": [
            65,
            4,
            173,
            77,
            42,
            99,
            173,
            30,
            2,
            93,
            78,
            23,
            220,
            158,
            158,
            210,
            132,
            169,
            199,
            216,
            156,
            125,
            199,
            91,
            67,
            75,
            190,
            43,
            58,
            191,
            182,
            102,
            140,
            47,
            246,
            62,
            131,
            246,
            185,
            42,
            199,
            108,
            90,
            50,
            36,
            213,
            36,
            57,
            7,
            79,
            42,
            191,
            175,
            233,
            83,
            200,
            176,
            110,
            83,
            18,
            126,
            194,
            35,
            215,
            16,
            0,
            172
          ]
        }
      }
    ]
  ],
  [
    {
      "previous_output": "4b0302ed35f02c20c8a73b9e43c6c2fb35010c17f6eb7347c3ee507b309edbcf:0",
      "script_sig": "4830450220311bc2e4cb6b30fb3d5208e72ca4fca5e57ef1c5e9192f04503aaa5943c63d8c022100cf38e9517a5f585d6ae8aba0c8c1d2491f4bcfb5bdf2734cefadc830a6cc13ba014104af2e22f90728c739f45c043fad4d08de8c5120a6a5b2840b11800cf840e2974698193bd734e1995aad3acb2ef44d69fc9c9aa52727a002e10ad25035a5e89c1c",
      "sequence": 4294967295,
      "witness": []
    },
    [
      {
        "Some": [
          167,
          19,
          84,
          30,
          166,
          29,
          180,
          222,
          176,
          135,
          83,
          56,
          79,
          14,
          30,
          82,
          120,
          131,
          198,
          227,
          202,
          203,
          147,
          127,
          55,
          90,
          19,
          129,
          93,
          43,
          197,
          198
        ]
      },
      {
        "header_code": 110202,
        "amount": 25000000000,
        "spk_ty": "PubKeyHash"
      }
    ]
  ],
  [
    {
      "previous_output": "a5781c71bfd49ded29a3feafe2c22fb41f04c126599a6934fb4d510998ae0741:0",
      "script_sig": "483045022100e7ae9304431662efbab8a47730a71b3da14d5b01e0dd176619fbead07f05ac1e02206502bb171c75604818f3d64783bbdb72867da0205c401c28ed1e9b0ec9cecf9e014104af2e22f90728c739f45c043fad4d08de8c5120a6a5b2840b11800cf840e2974698193bd734e1995aad3acb2ef44d69fc9c9aa52727a002e10ad25035a5e89c1c",
      "sequence": 4294967295,
      "witness": []
    },
    [
      {
        "Some": [
          218,
          60,
          198,
          208,
          214,
          207,
          175,
          196,
          254,
          200,
          246,
          133,
          44,
          66,
          251,
          106,
          166,
          65,
          246,
          127,
          110,
          95,
          90,
          29,
          132,
          13,
          18,
          6,
          212,
          204,
          87,
          116
        ]
      },
      {
        "header_code": 110202,
        "amount": 25000000000,
        "spk_ty": "PubKeyHash"
      }
    ]
  ],
  [
    {
      "previous_output": "f5e1a167eec7e7b401052c88c9d2c09bf82a6a94685cbb9f18450ad167a5670d:0",
      "script_sig": "483045022100dd82fba1ef585e7b651cf88d66915a2869d032d81d2eaae4999b6528a3be9a1d022078728d23c70b763a9c4243a7053cd0b6aaa837097c09313feac93ac6efefc32701",
      "sequence": 4294967295,
      "witness": []
    },
    [
      {
        "Some": [
          182,
          221,
          141,
          48,
          30,
          186,
          195,
          52,
          84,
          63,
          111,
          117,
          221,
          245,
          167,
          55,
          29,
          28,
          99,
          138,
          89,
          42,
          46,
          120,
          28,
          18,
          60,
          40,
          249,
          8,
          15,
          67
        ]
      },
      {
        "header_code": 62495,
        "amount": 5000000000,
        "spk_ty": {
          "Other": [
            65,
            4,
            122,
            107,
            181,
            195,
            76,
            28,
            169,
            84,
            7,
            79,
            73,
            24,
            253,
            251,
            16,
            147,
            63,
            132,
            124,
            151,
            24,
            201,
            197,
            186,
            147,
            228,
            51,
            90,
            206,
            2,
            31,
            236,
            16,
            106,
            87,
            238,
            152,
            21,
            42,
            92,
            12,
            24,
            126,
            225,
            214,
            34,
            107,
            57,
            178,
            131,
            21,
            113,
            198,
            222,
            124,
            77,
            1,
            93,
            53,
            26,
            183,
            92,
            94,
            168,
            172
          ]
        }
      }
    ]
  ],
  [
    {
      "previous_output": "4c9e19181ba4989abd0b33d2298672bf9fa04f08c0020493593e80c0fcc632b3:0",
      "script_sig": "48304502210087c8d71ce70a22f2fdbb4b5a615e2ecd1c489e49f7a95d752c991f5045cf8075022001e76823d03c8e5ed242d0735fd59f51f487b71c4dec918040ebba92814e1db0014104af2e22f90728c739f45c043fad4d08de8c5120a6a5b2840b11800cf840e2974698193bd734e1995aad3acb2ef44d69fc9c9aa52727a002e10ad25035a5e89c1c",
      "sequence": 4294967295,
      "witness": []
    },
    [
      {
        "Some": [
          144,
          51,
          6,
          49,
          246,
          42,
          7,
          187,
          120,
          96,
          120,
          232,
          136,
          205,
          124,
          64,
          232,
          141,
          65,
          202,
          112,
          96,
          36,
          80,
          156,
          63,
          152,
          73,
          224,
          87,
          227,
          164
        ]
      },
      {
        "header_code": 110202,
        "amount": 5000000000,
        "spk_ty": "PubKeyHash"
      }
    ]
  ],
  [
    {
      "previous_output": "8a504064c560c24cde6998ccc37cda2c5af6c377e5f5f6ebb8beccc89a4a004a:0",
      "script_sig": "493046022100cb20876d36ac1488076764115f41e664382753ed1947f36246cada0ab52f3cdf022100b2a4afd5141e6e423c3bba1a1de1ad4d52fbfb3f0b6742f1b1f1f7fb07aadbad014104af2e22f90728c739f45c043fad4d08de8c5120a6a5b2840b11800cf840e2974698193bd734e1995aad3acb2ef44d69fc9c9aa52727a002e10ad25035a5e89c1c",
      "sequence": 4294967295,
      "witness": []
    },
    [
      {
        "Some": [
          83,
          118,
          130,
          136,
          108,
          115,
          163,
          231,
          47,
          46,
          223,
          176,
          244,
          28,
          121,
          36,
          124,
          218,
          23,
          71,
          182,
          8,
          94,
          181,
          221,
          122,
          228,
          209,
          71,
          37,
          127,
          145
        ]
      },
      {
        "header_code": 103294,
        "amount": 5000000000,
        "spk_ty": "PubKeyHash"
      }
    ]
  ],
  [
    {
      "previous_output": "a7eb819c207cc5a34df51e905eeec30a97804795b410ed4a16b28c3d4a5a9224:1",
      "script_sig": "4730440220715aa34fb2443e3489d1a5482aea8df093f112aa59dfc1f7353db3ca666c51c8022026408b0155e92e239926147ed12bbe21edcec074d6fac1f8673d6fd2f274ab790141046bfe6fa9d6ab1383378cb1f30fb913e9bb18bc7f8cc81aadd2ac70bb5177d4dd73cd7a59373d58738602ba850622e1f470aa8ea45972673bd06b8bdc119f7ef4",
      "sequence": 4294967295,
      "witness": []
    },
    [
      {
        "Some": [
          102,
          162,
          227,
          173,
          164,
          213,
          221,
          127,
          65,
          129,
          87,
          247,
          233,
          134,
          218,
          14,
          165,
          141,
          10,
          92,
          162,
          222,
          215,
          160,
          203,
          220,
          206,
          148,
          59,
          16,
          245,
          175
        ]
      },
      {
        "header_code": 79472,
        "amount": 2500000000,
        "spk_ty": "PubKeyHash"
      }
    ]
  ],
  [
    {
      "previous_output": "30a24c5dde097fc2c3ea8cbabaf7719676197e9227a8da8e44f7fd9c6394b9ea:1",
      "script_sig": "483045022100f46ed5c9dda22bbe61d76f14fe280fd6f4a6d94079e77f8d5d569fc8f0f0d03502203da319695e740385344abb1817c2a9148b5c8b9921d1681eda289480d7988abf0141043e66f63cee086ec1c05112f5f6cceb437a8e315c26cc1f0a849d42eb6bdc6c370b94d7e8dbbf0176a16436fa0245e9270567276487c2fd67a4842a746583d4d6",
      "sequence": 4294967295,
      "witness": []
    },
    [
      {
        "Some": [
          200,
          209,
          123,
          100,
          13,
          5,
          10,
          68,
          65,
          96,
          0,
          75,
          178,
          82,
          5,
          70,
          131,
          171,
          60,
          139,
          36,
          9,
          182,
          177,
          158,
          62,
          208,
          156,
          204,
          157,
          254,
          229
        ]
      },
      {
        "header_code": 104662,
        "amount": 1000000000,
        "spk_ty": "PubKeyHash"
      }
    ]
  ],
  [
    {
      "previous_output": "d64c032f9ccc3e7d040c0566e27826169094f4c5885df0fa17efd92d11c7bb94:0",
      "script_sig": "48304502210098cf90bffec385f64b395868ab8b67ab3e0c4a3192e85324b74aa61ec7ef9c8002206b034554754111b3d15a4b30ce2097b4e02530124cc59a62942bdbb0af56d08101",
      "sequence": 4294967295,
      "witness": []
    },
    [
      {
        "Some": [
          13,
          115,
          132,
          139,
          52,
          26,
          95,
          10,
          233,
          150,
          198,
          12,
          18,
          198,
          190,
          180,
          157,
          111,
          221,
          178,
          236,
          54,
          109,
          249,
          61,
          111,
          118,
          81,
          211,
          140,
          61,
          183
        ]
      },
      {
        "header_code": 62459,
        "amount": 5000000000,
        "spk_ty": {
          "Other": [
            65,
            4,
            47,
            197,
            69,
            83,
            154,
            117,
            36,
            31,
            7,
            225,
            168,
            130,
            24,
            152,
            186,
            180,
            199,
            136,
            69,
            213,
            247,
            241,
            32,
            164,
            41,
            253,
            2,
            171,
            194,
            209,
            86,
            203,
            192,
            149,
            227,
            164,
            255,
            82,
            173,
            73,
            59,
            19,
            9,
            211,
            91,
            137,
            31,
            188,
            144,
            99,
            99,
            178,
            206,
            127,
            228,
            106,
            214,
            148,
            68,
            141,
            112,
            166,
            180,
            229,
            172
          ]
        }
      }
    ]
  ],
  [
    {
      "previous_output": "e93eb95c24588ece314dbd33e9e4cea12a012cb7dd55911f145d9d0fe9e27334:0",
      "script_sig": "47304402205c2ef2e70fc80e0db113a946bc68d73d506e0018569f26333db8062f08cd2e5e022040be9b2a4bf8013c14d2684b278346ea1c07d662dc43a941d43ee5dfcdb933d5014104214d129049a853e7d3523bba5f756671266aa38061549fed22338813da4baf85b7cf4aa48004cc63429b899655d707f28304dc3ef4c2692a3fc58fc64843c994",
      "sequence": 4294967295,
      "witness": []
    },
    [
      {
        "Some": [
          173,
          162,
          143,
          205,
          204,
          19,
          42,
          73,
          43,
          168,
          166,
          187,
          213,
          135,
          173,
          134,
          144,
          172,
          210,
          208,
          101,
          244,
          61,
          159,
          175,
          13,
          148,
          74,
          86,
          120,
          59,
          89
        ]
      },
      {
        "header_code": 103460,
        "amount": 10000000000,
        "spk_ty": "PubKeyHash"
      }
    ]
  ],
  [
    {
      "previous_output": "9f8b9440ee5872d231d4c0d44ff9925ce9d774abac3fa13333f35bc4b7c6baf1:0",
      "script_sig": "483045022100e66443540a9c8ddb85c13e8c49e0891bd0c23c786da919044f9b9c2855b7d51402201d33db6652cdbe679811ddf5267dee3e2bef3d77fa1e61db29aac5d59f1776f401",
      "sequence": 4294967295,
      "witness": []
    },
    [
      {
        "Some": [
          246,
          181,
          124,
          217,
          25,
          58,
          102,
          57,
          151,
          31,
          79,
          198,
          194,
          105,
          213,
          48,
          169,
          155,
          1,
          202,
          83,
          245,
          138,
          41,
          235,
          193,
          0,
          201,
          205,
          143,
          252,
          50
        ]
      },
      {
        "header_code": 81839,
        "amount": 5000000000,
        "spk_ty": {
          "Other": [
            65,
            4,
            106,
            116,
            240,
            60,
            192,
            112,
            145,
            123,
            71,
            17,
            29,
            2,
            1,
            92,
            207,
            40,
            72,
            146,
            88,
            168,
            103,
            97,
            44,
            196,
            106,
            56,
            61,
            114,
            237,
            145,
            148,
            174,
            245,
            36,
            192,
            202,
            103,
            39,
            172,
            128,
            204,
            80,
            122,
            225,
            71,
            43,
            152,
            147,
            153,
            134,
            97,
            153,
            237,
            134,
            185,
            134,
            197,
            113,
            4,
            210,
            175,
            242,
            247,
            228,
            172
          ]
        }
      }
    ]
  ],
  [
    {
      "previous_output": "1eef61559141d7597343f5ed4c8d60bad4897316476b809c3420064e7e342318:1",
      "script_sig": "47304402204b979f9817ff0ce1a641a99bc2220163d97fa6879e0d832cd8de105dede018360220544727dbdc999be67adb7f7e18be689cfbcbaa0a405aa5d3af5477eecb8b5219014104ba32a192b0ad369be694aceaa3f54f30300628213ba542cb59f6f9a2ba062feb307c5cb7799d95c69e62a9742e990bb0286797d23b8a91132be543605a845945",
      "sequence": 4294967295,
      "witness": []
    },
    [
      {
        "Some": [
          90,
          196,
          149,
          37,
          113,
          12,
          217,
          79,
          73,
          173,
          81,
          133,
          69,
          117,
          196,
          206,
          27,
          27,
          190,
          100,
          248,
          243,
          51,
          43,
          109,
          37,
          152,
          102,
          206,
          34,
          212,
          78
        ]
      },
      {
        "header_code": 103526,
        "amount": 200000000,
        "spk_ty": "PubKeyHash"
      }
    ]
  ],
  [
    {
      "previous_output": "b895ad07493f72fce02deec59e8deea18a9eb06e4ad820ccbc8ce0a0af86e86f:1",
      "script_sig": "483045022100874b9258f619c516ea0260d7e1c5f8fae7aef33921e06fab9adc4273b85a5ab102205cdf091436edcd2d9d924e7ccb46211e260d42a246e9f231bb0b1c6e1037cd61014104e2f64ed3087bb0e22e8860e3aca6b53fd62ebd666aecde0b6b303a5c5e7a890cecf62d3c1220681ae27f760e8b995e3d43a4a518616d33e8ccb66dae91c6b654",
      "sequence": 4294967295,
      "witness": []
    },
    [
      {
        "Some": [
          244,
          137,
          189,
          144,
          31,
          236,
          210,
          4,
          73,
          122,
          250,
          8,
          225,
          171,
          32,
          140,
          106,
          59,
          159,
          250,
          132,
          47,
          129,
          209,
          110,
          131,
          71,
          36,
          89,
          5,
          87,
          11
        ]
      },
      {
        "header_code": 110152,
        "amount": 3000000000,
        "spk_ty": "PubKeyHash"
      }
    ]
  ],
  [
    {
      "previous_output": "857f95e9c27d6b3dde31af44b4f8b71717144a04010068dedea5ab3e24b91c7b:0",
      "script_sig": "483045022100f147b68f0659aba902d2155e4771f9bee0ed6ff888a77768a6ae12dc5afd56c502201c6b2d7a293eabf8c46a3398b3c69c9a1fd18a926ed23b692d416b06c0235dd7014104af2e22f90728c739f45c043fad4d08de8c5120a6a5b2840b11800cf840e2974698193bd734e1995aad3acb2ef44d69fc9c9aa52727a002e10ad25035a5e89c1c",
      "sequence": 4294967295,
      "witness": []
    },
    [
      {
        "Some": [
          178,
          83,
          110,
          193,
          37,
          184,
          145,
          190,
          55,
          20,
          215,
          32,
          247,
          87,
          79,
          228,
          96,
          204,
          245,
          9,
          220,
          1,
          2,
          176,
          60,
          55,
          143,
          78,
          239,
          97,
          204,
          121
        ]
      },
      {
        "header_code": 110202,
        "amount": 5000000000,
        "spk_ty": "PubKeyHash"
      }
    ]
  ],
  [
    {
      "previous_output": "a7eb819c207cc5a34df51e905eeec30a97804795b410ed4a16b28c3d4a5a9224:0",
      "script_sig": "483045022100de3235053753bf18cc507be5127ac0b7e4a9046185e25fd0dad7f8fdecdea7c50220030c4ff4768319978c15d39a38791b5794550630f067d20a1727e4c763499b7e01",
      "sequence": 4294967295,
      "witness": []
    },
    [
      {
        "Some": [
          94,
          67,
          70,
          197,
          213,
          228,
          188,
          163,
          227,
          211,
          93,
          235,
          228,
          41,
          160,
          36,
          250,
          18,
          18,
          167,
          180,
          61,
          194,
          170,
          154,
          35,
          116,
          118,
          131,
          39,
          85,
          245
        ]
      },
      {
        "header_code": 79472,
        "amount": 2500000000,
        "spk_ty": {
          "Other": [
            65,
            4,
            216,
            229,
            170,
            29,
            164,
            10,
            237,
            98,
            153,
            133,
            17,
            211,
            190,
            106,
            24,
            50,
            209,
            101,
            193,
            151,
            8,
            106,
            230,
            191,
            195,
            21,
            153,
            253,
            117,
            253,
            145,
            75,
            140,
            119,
            223,
            184,
            147,
            126,
            69,
            66,
            196,
            11,
            108,
            53,
            228,
            174,
            138,
            132,
            148,
            219,
            215,
            92,
            240,
            229,
            194,
            233,
            189,
            224,
            218,
            65,
            3,
            78,
            56,
            122,
            172
          ]
        }
      }
    ]
  ],
  [
    {
      "previous_output": "151138d5336bb48f316019592052356268860dd75ed57da4f8751277404291f5:0",
      "script_sig": "493046022100bd83e3bf107ed5d036ef419086f3fe0a557c7e011bd30e23fb4805d7c504e548022100d5b94fc30c69dead91014737aef48185c27b621444317eb5087e1a8f86be054801",
      "sequence": 4294967295,
      "witness": []
    },
    [
      {
        "Some": [
          225,
          251,
          160,
          50,
          24,
          13,
          253,
          130,
          226,
          38,
          203,
          182,
          105,
          8,
          246,
          107,
          147,
          69,
          196,
          9,
          66,
          114,
          53,
          45,
          26,
          144,
          140,
          83,
          216,
          127,
          203,
          32
        ]
      },
      {
        "header_code": 81083,
        "amount": 5000000000,
        "spk_ty": {
          "Other": [
            65,
            4,
            210,
            8,
            67,
            57,
            206,
            221,
            238,
            81,
            70,
            85,
            95,
            141,
            77,
            248,
            38,
            101,
            249,
            209,
            235,
            96,
            129,
            61,
            108,
            58,
            177,
            108,
            38,
            153,
            213,
            175,
            223,
            236,
            179,
            57,
            80,
            20,
            210,
            150,
            150,
            177,
            42,
            1,
            56,
            221,
            214,
            26,
            92,
            139,
            243,
            170,
            66,
            104,
            17,
            192,
            111,
            90,
            162,
            226,
            10,
            217,
            53,
            110,
            149,
            176,
            172
          ]
        }
      }
    ]
  ],
  [
    {
      "previous_output": "e5159d09eb41fc7a98fa54586d42e0582e96a09084594c03ff1b43e334697dcc:0",
      "script_sig": "47304402204a0f8b5abef408e545c7a6207b769e7e21f6a307e472f034de471f96be98a9bf02206c6dc8d5e5ec31585fd8b9ac2b166ceeb7f579295387157b3de7aabb54a2682001",
      "sequence": 4294967295,
      "witness": []
    },
    [
      {
        "Some": [
          147,
          113,
          160,
          60,
          106,
          0,
          78,
          12,
          218,
          10,
          241,
          255,
          91,
          248,
          216,
          9,
          94,
          212,
          123,
          127,
          98,
          25,
          17,
          254,
          137,
          65,
          240,
          44,
          223,
          199,
          85,
          135
        ]
      },
      {
        "header_code": 80991,
        "amount": 5000000000,
        "spk_ty": {
          "Other": [
            65,
            4,
            253,
            119,
            158,
            197,
            170,
            177,
            0,
            95,
            64,
            68,
            156,
            77,
            57,
            95,
            233,
            125,
            89,
            53,
            20,
            94,
            182,
            248,
            19,
            220,
            205,
            186,
            144,
            139,
            151,
            240,
            151,
            245,
            148,
            134,
            29,
            65,
            137,
            27,
            176,
            217,
            201,
            83,
            141,
            0,
            218,
            116,
            149,
            77,
            58,
            30,
            182,
            51,
            202,
            30,
            41,
            108,
            73,
            77,
            182,
            112,
            121,
            150,
            219,
            83,
            172
          ]
        }
      }
    ]
  ],
  [
    {
      "previous_output": "5f8af5ada909c437f4c97f8b4573d880558dfe4d5019e98fb1fdfe9a791d5618:1",
      "script_sig": "47304402204c92571ce9af75be2a71b84e6072ec601407231ba118764a288cfe9c1568269c02204861059b470b7d9991b8739ecefbaff368e27e39aac90060d6a89c7f1ed8cbfd01410453e4db335ce34a149e873ed86a48b06e59c7cfab0bcbbdc335e3a4c0bce6bc10a0c8ed704104ee7d1413703ef2c3393e93e0f2eda20cb2438819daa807474446",
      "sequence": 4294967295,
      "witness": []
    },
    [
      {
        "Some": [
          246,
          59,
          252,
          222,
          208,
          25,
          162,
          36,
          246,
          149,
          121,
          100,
          124,
          1,
          244,
          91,
          181,
          13,
          66,
          54,
          238,
          167,
          66,
          122,
          129,
          95,
          145,
          1,
          61,
          187,
          57,
          208
        ]
      },
      {
        "header_code": 103484,
        "amount": 2588000000,
        "spk_ty": "PubKeyHash"
      }
    ]
  ],
  [
    {
      "previous_output": "f3feb0d02f4e02fc6d1747d54da01beea63b29f11f7f91ff5f5c1adac5a18692:0",
      "script_sig": "4730440220624051d359cab143d2427a4b2aa9a5ed40d15153066fa526d8fe1c0b36a840e8022041970809e9b0fc234cdcb577058a3d37e26b9fdc8f62a7d6ca9c32f4ace1fd0501",
      "sequence": 4294967295,
      "witness": []
    },
    [
      {
        "Some": [
          15,
          127,
          26,
          59,
          196,
          241,
          55,
          112,
          73,
          209,
          106,
          186,
          26,
          27,
          131,
          162,
          112,
          35,
          153,
          233,
          3,
          152,
          209,
          29,
          188,
          104,
          46,
          194,
          225,
          206,
          224,
          7
        ]
      },
      {
        "header_code": 62551,
        "amount": 5000000000,
        "spk_ty": {
          "Other": [
            65,
            4,
            1,
            62,
            19,
            187,
            157,
            191,
            108,
            175,
            127,
            1,
            44,
            138,
            111,
            109,
            108,
            221,
            177,
            56,
            190,
            63,
            93,
            216,
            95,
            125,
            155,
            31,
            195,
            210,
            183,
            204,
            172,
            82,
            12,
            77,
            202,
            23,
            15,
            66,
            110,
            253,
            103,
            195,
            149,
            193,
            50,
            144,
            140,
            96,
            237,
            97,
            121,
            8,
            110,
            65,
            32,
            183,
            8,
            255,
            14,
            117,
            249,
            109,
            127,
            30,
            172
          ]
        }
      }
    ]
  ],
  [
    {
      "previous_output": "e423c60add081a973a4445fd6a95630c28c14d9be61a7e45e6106ea3ed486544:1",
      "script_sig": "493046022100a92d3415ea389fe5c2e019877add5bf0d704c08ebd4a7c949e85ea8160dd8b7b022100a887a3f06f4b5a7410728981c08716b72061046d28431d4b65ee0c2faebf28940141045154e09c1b414da18876fd98e7edc1e67882ead6e6a5ea67a3d51b4db4df9849d5a8b49368a679d0735a81cbdb6c2fcbbac6869a55bd42387820bbd43f9135ca",
      "sequence": 4294967295,
      "witness": []
    },
    [
      {
        "Some": [
          199,
          96,
          104,
          214,
          208,
          33,
          133,
          197,
          38,
          209,
          186,
          97,
          89,
          201,
          73,
          4,
          7,
          24,
          194,
          247,
          208,
          67,
          68,
          4,
          95,
          104,
          153,
          209,
          120,
          19,
          7,
          71
        ]
      },
      {
        "header_code": 105362,
        "amount": 200000000,
        "spk_ty": "PubKeyHash"
      }
    ]
  ],
  [
    {
      "previous_output": "69879fa4f6505116de54d67d53e4d8551b873a3564c01af4cbb4bb1735274591:0",
      "script_sig": "483045022100dd5e10fd5ea35c7b45058b83c5db9a65e8cb17a65ad179e6244d9d414252e7e102204d47aa1c88b488f58184e57f0477444486c7687fffed41aeebc086c62cf3e94101410452e49085fe6375b2d10d4619823d4e036ef8d1168155340d7a70f997bb80c48a6710361d209a4ba810da5b77edbcc9757f4b14ae1041cff0db95ccd1ef43c0d2",
      "sequence": 4294967295,
      "witness": []
    },
    [
      {
        "Some": [
          251,
          230,
          60,
          26,
          118,
          145,
          11,
          200,
          54,
          107,
          244,
          114,
          71,
          182,
          14,
          20,
          89,
          211,
          86,
          170,
          153,
          43,
          41,
          189,
          252,
          43,
          81,
          198,
          158,
          211,
          160,
          205
        ]
      },
      {
        "header_code": 110202,
        "amount": 25000000000,
        "spk_ty": "PubKeyHash"
      }
    ]
  ],
  [
    {
      "previous_output": "13633837a03ec490543dfa9eb76b69b9a467b1d5808333906ed05346b95b1673:1",
      "script_sig": "48304502206286500f5ba9f3da25a6fc54c3628978faee2703d6955943579f15d61c91f3b6022100f4db45b31e34eba661a63e39b322a4cd95891783fa8639b7119c239f6b00e67c01",
      "sequence": 4294967295,
      "witness": []
    },
    [
      {
        "Some": [
          233,
          31,
          17,
          93,
          239,
          30,
          226,
          62,
          126,
          135,
          195,
          248,
          214,
          170,
          200,
          47,
          17,
          243,
          164,
          97,
          151,
          99,
          119,
          77,
          233,
          83,
          46,
          80,
          11,
          157,
          11,
          74
        ]
      },
      {
        "header_code": 103344,
        "amount": 500000000,
        "spk_ty": {
          "Other": [
            65,
            4,
            210,
            237,
            70,
            111,
            236,
            196,
            167,
            12,
            26,
            177,
            80,
            49,
            177,
            200,
            108,
            16,
            178,
            214,
            104,
            91,
            61,
            157,
            74,
            154,
            141,
            27,
            167,
            46,
            25,
            217,
            252,
            48,
            148,
            116,
            68,
            40,
            185,
            176,
            59,
            11,
            16,
            65,
            70,
            39,
            220,
            132,
            103,
            248,
            127,
            238,
            1,
            82,
            59,
            228,
            179,
            85,
            210,
            210,
            222,
            60,
            142,
            75,
            104,
            150,
            172
          ]
        }
      }
    ]
  ],
  [
    {
      "previous_output": "f913b81042e47ef985ea66ad0f9b32faf2d788db08829f4bad23920e60bbbabf:0",
      "script_sig": "483045022100fdd26efa846183e0a44e70e53bea3b7736780806472409b0944786428567ddd102201e8ec3873fa9f698f67a6ba6cfedc21842e3359724cdc22398a4e9ab371d5c1701",
      "sequence": 4294967295,
      "witness": []
    },
    [
      {
        "Some": [
          114,
          16,
          62,
          46,
          44,
          97,
          24,
          65,
          223,
          9,
          150,
          26,
          178,
          231,
          38,
          146,
          239,
          230,
          220,
          87,
          240,
          177,
          130,
          229,
          56,
          104,
          220,
          254,
          135,
          1,
          98,
          169
        ]
      },
      {
        "header_code": 81395,
        "amount": 5000000000,
        "spk_ty": {
          "Other": [
            65,
            4,
            210,
            253,
            203,
            70,
            208,
            163,
            166,
            119,
            205,
            22,
            28,
            76,
            200,
            77,
            63,
            17,
            49,
            163,
            129,
            112,
            43,
            40,
            164,
            207,
            183,
            255,
            142,
            162,
            206,
            27,
            129,
            89,
            80,
            73,
            108,
            132,
            142,
            178,
            161,
            175,
            207,
            159,
            61,
            242,
            46,
            31,
            152,
            65,
            50,
            217,
            62,
            123,
            84,
            77,
            112,
            202,
            83,
            159,
            222,
            162,
            212,
            91,
            198,
            209,
            172
          ]
        }
      }
    ]
  ],
  [
    {
      "previous_output": "9c5a31855af8b3b5170d18fbeaf25b3d8f22fa531c745c5d67e378c531be677c:0",
      "script_sig": "473044022029e46cea6875984a9906f4c089e45770ec51a5835ee6ca12c1d1fa6d542128cd02206820874dcb32f6f08f20ff90951377c22e17e9b5d4c46f5d650d4c39f9fa68d5014104addf4d436676acd3e2a48ca54d1f2b17709747e3dd91569a154fb04f08b39d7cfb817ca5e569a2f6be0fc99b7bcd536331214e339949ebf128b6d6833fbc2a41",
      "sequence": 4294967295,
      "witness": []
    },
    [
      {
        "Some": [
          4,
          135,
          202,
          75,
          178,
          254,
          70,
          183,
          43,
          150,
          188,
          215,
          12,
          197,
          14,
          51,
          14,
          194,
          102,
          237,
          194,
          121,
          54,
          39,
          91,
          158,
          83,
          207,
          135,
          240,
          233,
          140
        ]
      },
      {
        "header_code": 110202,
        "amount": 2500000000,
        "spk_ty": "PubKeyHash"
      }
    ]
  ],
  [
    {
      "previous_output": "a3fbe79f22616c9ab5dc44a96359bfe9249759766befa87d504dd8f3a727cb1b:1",
      "script_sig": "493046022100c6eb7e5263b69e7769f14234017060c359f7cbbdf79811f8ca049cc6a8ab0416022100f9a0552f741ff59de9bd61d724556c5fae198a1f69360a9582f383a8510640e8014104af2e22f90728c739f45c043fad4d08de8c5120a6a5b2840b11800cf840e2974698193bd734e1995aad3acb2ef44d69fc9c9aa52727a002e10ad25035a5e89c1c",
      "sequence": 4294967295,
      "witness": []
    },
    [
      {
        "Some": [
          43,
          95,
          174,
          224,
          200,
          41,
          130,
          179,
          241,
          165,
          80,
          69,
          177,
          176,
          227,
          118,
          104,
          215,
          135,
          175,
          135,
          213,
          100,
          37,
          201,
          3,
          97,
          28,
          119,
          130,
          63,
          246
        ]
      },
      {
        "header_code": 103300,
        "amount": 2000000000,
        "spk_ty": "PubKeyHash"
      }
    ]
  ],
  [
    {
      "previous_output": "9b32727934d92ef8be5cd2ca85df9d665a20efd78cdaa5f25b5e1a1dbc24a69a:0",
      "script_sig": "493046022100c9ced85ad271ec36419a798b260ebdf9b22dfb6b0c554b04ddf7629a1d06f038022100bdf26a5a0cc193e3f562b8b2c5996de6e4bd95c0561055b28c5a7d112106003301",
      "sequence": 4294967295,
      "witness": []
    },
    [
      {
        "Some": [
          126,
          81,
          150,
          82,
          77,
          122,
          120,
          1,
          100,
          114,
          41,
          18,
          164,
          194,
          211,
          250,
          196,
          16,
          78,
          247,
          179,
          190,
          46,
          155,
          73,
          236,
          137,
          149,
          40,
          37,
          141,
          251
        ]
      },
      {
        "header_code": 82267,
        "amount": 5000000000,
        "spk_ty": {
          "Other": [
            65,
            4,
            82,
            77,
            44,
            73,
            112,
            223,
            254,
            95,
            115,
            52,
            128,
            235,
            238,
            56,
            147,
            168,
            14,
            118,
            149,
            200,
            232,
            199,
            231,
            152,
            250,
            30,
            105,
            187,
            12,
            77,
            29,
            238,
            206,
            205,
            70,
            52,
            81,
            109,
            144,
            185,
            236,
            231,
            56,
            21,
            186,
            185,
            135,
            202,
            42,
            131,
            182,
            239,
            62,
            71,
            109,
            47,
            225,
            222,
            187,
            240,
            10,
            11,
            179,
            194,
            172
          ]
        }
      }
    ]
  ],
  [
    {
      "previous_output": "77102d234fc8de33ab63025ecd0d7d6d8f45a868a12c7af1813ec5453ba27697:0",
      "script_sig": "483045022100e1b7d3b644720f3ddabd3b5a755d29fedf77aabfdd5d543c81405077e42ea3d002206f5110350909d297e16f88fc6065d665942ccec2e16a5268b2a858cfbc7c9742014104d718a177bff1134db96dc7b9d6d89af14dc6323a50ced544549fcb406b67305d2928d81a6806880d5aebf8f6ae8ab5d734e8fceded7685740e81fac4c058fde2",
      "sequence": 4294967295,
      "witness": []
    },
    [
      {
        "Some": [
          37,
          192,
          48,
          188,
          4,
          148,
          1,
          145,
          24,
          131,
          30,
          68,
          211,
          114,
          37,
          136,
          109,
          250,
          46,
          219,
          111,
          146,
          39,
          108,
          137,
          216,
          52,
          4,
          235,
          105,
          93,
          175
        ]
      },
      {
        "header_code": 110202,
        "amount": 5000000000,
        "spk_ty": "PubKeyHash"
      }
    ]
  ]
]