[
  [
    {
      "previous_output": "4e10141927d46eb3a797ea86c95d2628714407358a92caf1d2d1c35d7adf6596:1",
      "script_sig": "483045022100873244eb711434747fbfb8031d49ae1c12ed8069b3e6370a4d67c261fe20785602206b457d600221fd7a1ebd94d4bd6d9886cbbebb9de829a8332e96d5dfb1dfde7b014104b031395feed7d5e27a80ecc2920161fe843a6e2eaf6cd7d5309ec33916d44728f1411c86fd59d86136543ba6e48a9ad856b42c9c45d2eacd55e6a20f0a38e39e",
      "sequence": 4294967295,
      "witness": []
    },
    [
      {
        "Some": [
          24,
          162,
          104,
          161,
          28,
          46,
          248,
          181,
          220,
          216,
          31,
          88,
          198,
          26,
          244,
          177,
          239,
          15,
          37,
          194,
          117,
          202,
          225,
          142,
          89,
          232,
          197,
          77,
          60,
          57,
          41,
          86
        ]
      },
      {
        "header_code": 126626,
        "amount": 100000000,
        "spk_ty": "PubKeyHash"
      }
    ]
  ],
  [
    {
      "previous_output": "210ed1e7de6e63f0445d01c712f601ba4a627b11b79c4b76bd7cdc8b71b818c6:1",
      "script_sig": "473044022054d486961692347e4eb57952b0536d71a036da2143db7d1e75e9ac466d76628902207f2ac5b94d502a2e53617a5d4dceec3cd51c39a26d5c52a0debbda347ad148f001",
      "sequence": 4294967295,
      "witness": []
    },
    [
      {
        "Some": [
          171,
          140,
          19,
          163,
          119,
          132,
          151,
          11,
          6,
          224,
          205,
          200,
          116,
          202,
          204,
          80,
          239,
          143,
          72,
          156,
          42,
          91,
          193,
          39,
          28,
          180,
          210,
          66,
          130,
          18,
          209,
          21
        ]
      },
      {
        "header_code": 126626,
        "amount": 100000000,
        "spk_ty": {
          "Other": [
            65,
            4,
            40,
            239,
            101,
            161,
            114,
            73,
            62,
            145,
            181,
            160,
            170,
            244,
            107,
            216,
            165,
            133,
            99,
            201,
            77,
            9,
            243,
            27,
            188,
            209,
            69,
            92,
            207,
            218,
            14,
            125,
            159,
            111,
            190,
            86,
            202,
            177,
            211,
            208,
            96,
            167,
            22,
            16,
            19,
            223,
            51,
            143,
            148,
            117,
            196,
            159,
            113,
            151,
            76,
            141,
            33,
            135,
            225,
            210,
            157,
            19,
            169,
            250,
            77,
            74,
            172
          ]
        }
      }
    ]
  ],
  [
    {
      "previous_output": "131d786c8f1f476ee86f97d0e21fa23801579c937902180bc2a4fed8315acaf6:0",
      "script_sig": "47304402202b9ca4aadfa09762241a4f33097c7443d2c9e5af760cb8a2e50f6d463ddf29b702204360f908871f13001c309d07ec2f12289cd2bad0493367780e4730b3c8dfe43d01",
      "sequence": 4294967295,
      "witness": []
    },
    [
      {
        "Some": [
          199,
          136,
          112,
          117,
          123,
          217,
          137,
          247,
          121,
          26,
          118,
          192,
          73,
          109,
          26,
          38,
          7,
          45,
          111,
          134,
          0,
          187,
          236,
          75,
          39,
          163,
          112,
          67,
          200,
          209,
          216,
          247
        ]
      },
      {
        "header_code": 126626,
        "amount": 29000000,
        "spk_ty": {
          "Other": [
            65,
            4,
            126,
            28,
            231,
            193,
            180,
            193,
            25,
            46,
            202,
            35,
            134,
            166,
            162,
            171,
            220,
            50,
            251,
            21,
            212,
            254,
            89,
            167,
            90,
            239,
            108,
            143,
            156,
            204,
            205,
            29,
            82,
            96,
            87,
            57,
            237,
            187,
            146,
            245,
            32,
            101,
            97,
            50,
            47,
            207,
            60,
            43,
            190,
            159,
            16,
            61,
            115,
            191,
            21,
            12,
            137,
            200,
            149,
            121,
            239,
            142,
            70,
            67,
            219,
            43,
            172
          ]
        }
      }
    ]
  ],
  [
    {
      "previous_output": "7654068fa943ac305e1727bef20162c69cf3565ea587d385cfa198339aac15fc:0",
      "script_sig": "473044022012e45c8e4bc7364d13b1ffafac14979c8b7d8aed780bf56f59a83f1f5b6dd31702202b81056d054d3c5c1f34a0771708157ad735fe6fb1364385f6ba1a9fd48ff7aa01",
      "sequence": 4294967295,
      "witness": []
    },
    [
      {
        "Some": [
          230,
          85,
          240,
          156,
          77,
          64,
          34,
          140,
          1,
          83,
          9,
          39,
          79,
          139,
          3,
          201,
          81,
          139,
          20,
          139,
          38,
          104,
          49,
          202,
          176,
          94,
          244,
          226,
          5,
          138,
          101,
          244
        ]
      },
      {
        "header_code": 126626,
        "amount": 300000000,
        "spk_ty": {
          "Other": [
            65,
            4,
            42,
            185,
            226,
            210,
            120,
            100,
            62,
            171,
            14,
            63,
            58,
            35,
            135,
            163,
            28,
            109,
            192,
            204,
            205,
            51,
            155,
            9,
            80,
            245,
            228,
            5,
            47,
            74,
            170,
            97,
            137,
            138,
            225,
            40,
            225,
            232,
            205,
            19,
            197,
            39,
            156,
            106,
            151,
            144,
            245,
            87,
            33,
            242,
            190,
            102,
            98,
            196,
            21,
            3,
            71,
            195,
            217,
            249,
            239,
            201,
            9,
            129,
            77,
            32,
            172
          ]
        }
      }
    ]
  ],
  [
    {
      "previous_output": "fc9c19680a480f661fb1caf9e74859aa128c61f47f4f38df5aabdf30823610d3:1",
      "script_sig": "4830450221009da6cdb4efea1eaf85c164b6ade20e0d4f10ae5297ab843cb839a109b2bcf11b02201fa9e744965bcb24f8816a3796b5a77d024eac11097c3a4a8f70ef2bd2303b5b01",
      "sequence": 4294967295,
      "witness": []
    },
    [
      {
        "Some": [
          38,
          97,
          8,
          253,
          202,
          61,
          232,
          250,
          168,
          94,
          40,
          77,
          176,
          155,
          89,
          217,
          52,
          71,
          185,
          52,
          205,
          89,
          203,
          156,
          138,
          246,
          252,
          150,
          114,
          128,
          191,
          241
        ]
      },
      {
        "header_code": 126626,
        "amount": 27000000,
        "spk_ty": {
          "Other": [
            65,
            4,
            174,
            25,
            248,
            247,
            85,
            236,
            198,
            67,
            37,
            0,
            4,
            60,
            254,
            111,
            129,
            164,
            134,
            161,
            224,
            210,
            112,
            121,
            89,
            36,
            158,
            137,
            155,
            149,
            91,
            7,
            223,
            216,
            90,
            230,
            99,
            17,
            21,
            185,
            217,
            31,
            182,
            223,
            209,
            48,
            109,
            75,
            30,
            236,
            114,
            192,
            209,
            234,
            114,
            129,
            173,
            163,
            74,
            115,
            210,
            184,
            240,
            87,
            125,
            184,
            172
          ]
        }
      }
    ]
  ],
  [
    {
      "previous_output": "210ed1e7de6e63f0445d01c712f601ba4a627b11b79c4b76bd7cdc8b71b818c6:0",
      "script_sig": "493046022100a3cf818c48aec5c05d9560ea9503747c95d6694d1a5fad9fb93e1f54af45cdbc022100e7a3337f8344eb5036ff91e4020a5ac3619660dd0777bdcab8c8c9db5005dc2f014104e5b0b776f183d59845bc63d074665a8062b77ee6c24e59507b6a4a02806720597a2d9ea9757b34c2e8b75875cb7071acebe138778f1472d10597abb48e22c51b",
      "sequence": 4294967295,
      "witness": []
    },
    [
      {
        "Some": [
          44,
          217,
          164,
          55,
          67,
          132,
          42,
          218,
          99,
          33,
          52,
          128,
          206,
          37,
          185,
          108,
          110,
          188,
          85,
          142,
          31,
          92,
          94,
          185,
          52,
          128,
          74,
          133,
          53,
          64,
          23,
          178
        ]
      },
      {
        "header_code": 126626,
        "amount": 100000000,
        "spk_ty": "PubKeyHash"
      }
    ]
  ],
  [
    {
      "previous_output": "0d21c2696973aee38e2b77535c9bbcdde5535a070aba68c35176928a754e05ae:0",
      "script_sig": "493046022100cb0afc4a6d7823fba7dd9b3ce83c5f7553c7b67aec1d94ac71a9aacfe577c4710221008925889b5e135ba3e688ad042e329d26b992aa042a0f70433abbf444e203d242014104b031395feed7d5e27a80ecc2920161fe843a6e2eaf6cd7d5309ec33916d44728f1411c86fd59d86136543ba6e48a9ad856b42c9c45d2eacd55e6a20f0a38e39e",
      "sequence": 4294967295,
      "witness": []
    },
    [
      {
        "Some": [
          69,
          96,
          209,
          198,
          138,
          100,
          101,
          139,
          212,
          225,
          207,
          103,
          86,
          192,
          255,
          124,
          193,
          103,
          229,
          48,
          126,
          6,
          92,
          149,
          154,
          181,
          203,
          152,
          243,
          50,
          104,
          166
        ]
      },
      {
        "header_code": 126626,
        "amount": 31000000,
        "spk_ty": "PubKeyHash"
      }
    ]
  ],
  [
    {
      "previous_output": "a477d5a68e4f1fda0be796473667e17eed035ac9caa8d7c3ec6babb76f9fb7f0:1",
      "script_sig": "493046022100f4158bd208da2db6cc2610ff4766d88f24b5cfd2d5ddd5255c24ba19caa2c85d022100ff7bdbd11cd177b95c8eb76fd04f2dbd83a5dac875e078e3f2c15677ac12c48b01",
      "sequence": 4294967295,
      "witness": []
    },
    [
      {
        "Some": [
          42,
          116,
          14,
          105,
          116,
          159,
          213,
          5,
          30,
          129,
          216,
          225,
          144,
          245,
          12,
          229,
          22,
          225,
          188,
          182,
          61,
          91,
          73,
          39,
          96,
          52,
          11,
          163,
          255,
          228,
          162,
          135
        ]
      },
      {
        "header_code": 126626,
        "amount": 25000000,
        "spk_ty": {
          "Other": [
            65,
            4,
            139,
            254,
            111,
            39,
            21,
            77,
            96,
            250,
            185,
            205,
            253,
            45,
            199,
            255,
            117,
            28,
            183,
            133,
            242,
            130,
            104,
            197,
            1,
            168,
            208,
            111,
            31,
            211,
            53,
            61,
            156,
            182,
            145,
            236,
            187,
            43,
            148,
            102,
            75,
            78,
            65,
            114,
            223,
            151,
            67,
            81,
            105,
            156,
            39,
            187,
            192,
            164,
            57,
            35,
            18,
            140,
            149,
            113,
            110,
            215,
            106,
            178,
            229,
            169,
            172
          ]
        }
      }
    ]
  ],
  [
    {
      "previous_output": "97b46726fb930240a4cd6bbfd238f959bef29cb7c5ffe795d0a7b2ffcf7f6a5a:0",
      "script_sig": "4930460221008c3c354f6594db23bd4b09dc826220b48131c80b14367069adc856e20f8fc874022100f776a75122d2c3807097708eaedecb2cef460d7572312ac14886db52c0ba00d1014104b031395feed7d5e27a80ecc2920161fe843a6e2eaf6cd7d5309ec33916d44728f1411c86fd59d86136543ba6e48a9ad856b42c9c45d2eacd55e6a20f0a38e39e",
      "sequence": 4294967295,
      "witness": []
    },
    [
      {
        "Some": [
          133,
          250,
          211,
          44,
          230,
          238,
          246,
          50,
          148,
          54,
          140,
          45,
          1,
          5,
          92,
          130,
          227,
          91,
          109,
          190,
          86,
          165,
          112,
          73,
          55,
          156,
          115,
          51,
          231,
          11,
          71,
          158
        ]
      },
      {
        "header_code": 126626,
        "amount": 500000000,
        "spk_ty": "PubKeyHash"
      }
    ]
  ],
  [
    {
      "previous_output": "d4b020a1900860622207367962ad80dbaa2f114c810cd8f14b57bc637c299616:0",
      "script_sig": "48304502204d4d9679d1fdd141ce534fc13c7fcf3903d680b426d66d17dd7390381e01d6d9022100d11ac978f20c7d11dfbc2330481ab609b40e1fe954d8c87d1cf78216817f964d01",
      "sequence": 4294967295,
      "witness": []
    },
    [
      {
        "Some": [
          97,
          63,
          203,
          48,
          19,
          140,
          47,
          197,
          113,
          16,
          120,
          172,
          249,
          7,
          28,
          49,
          131,
          134,
          179,
          99,
          247,
          183,
          213,
          215,
          66,
          239,
          160,
          146,
          250,
          230,
          196,
          245
        ]
      },
      {
        "header_code": 126626,
        "amount": 400000000,
        "spk_ty": {
          "Other": [
            65,
            4,
            102,
            69,
            125,
            50,
            92,
            131,
            59,
            53,
            6,
            52,
            15,
            67,
            197,
            253,
            102,
            255,
            187,
            2,
            68,
            215,
            75,
            129,
            240,
            112,
            185,
            88,
            49,
            62,
            63,
            20,
            229,
            124,
            55,
            111,
            113,
            71,
            72,
            86,
            205,
            206,
            233,
            39,
            177,
            227,
            254,
            24,
            126,
            144,
            9,
            134,
            249,
            206,
            117,
            114,
            42,
            65,
            221,
            86,
            70,
            135,
            201,
            47,
            156,
            121,
            172
          ]
        }
      }
    ]
  ],
  [
    {
      "previous_output": "f2a796850fffb44535eb6b1dae86e3a85fe305ba290dfbf9c60aae8c228c8838:0",
      "script_sig": "48304502204721e09871be81cd68b2964e68d995dde579a4bbaa5cf248bd2bcb6929998e05022100bdcc82e312f8aaab738ab66584331976ab6fe9f68636bd471652978b16dcdd29014104e5b0b776f183d59845bc63d074665a8062b77ee6c24e59507b6a4a02806720597a2d9ea9757b34c2e8b75875cb7071acebe138778f1472d10597abb48e22c51b",
      "sequence": 4294967295,
      "witness": []
    },
    [
      {
        "Some": [
          21,
          250,
          176,
          224,
          218,
          104,
          162,
          98,
          71,
          107,
          52,
          249,
          148,
          119,
          230,
          213,
          21,
          150,
          110,
          219,
          79,
          166,
          240,
          240,
          27,
          33,
          148,
          101,
          24,
          150,
          85,
          219
        ]
      },
      {
        "header_code": 126626,
        "amount": 100000000,
        "spk_ty": "PubKeyHash"
      }
    ]
  ],
  [
    {
      "previous_output": "bebc788c4825587942df899a4a01d8a87482e819051bd5cd24023b54d7b3fa09:1",
      "script_sig": "483045022100c928a89e0a4f9996b141e3b1b7948939f745654ac49bee2f9289af0e7ca86b48022003d217beb362eae202eb8b4ddbb17dbbafffc97e6700761a6e98905e8ab0ea60014104b031395feed7d5e27a80ecc2920161fe843a6e2eaf6cd7d5309ec33916d44728f1411c86fd59d86136543ba6e48a9ad856b42c9c45d2eacd55e6a20f0a38e39e",
      "sequence": 4294967295,
      "witness": []
    },
    [
      {
        "Some": [
          153,
          93,
          229,
          80,
          67,
          183,
          52,
          244,
          135,
          226,
          121,
          194,
          53,
          94,
          121,
          154,
          184,
          109,
          140,
          139,
          248,
          176,
          94,
          140,
          160,
          137,
          11,
          234,
          7,
          54,
          178,
          169
        ]
      },
      {
        "header_code": 126626,
        "amount": 69000000,
        "spk_ty": "PubKeyHash"
      }
    ]
  ],
  [
    {
      "previous_output": "6f1d27e9b58a445f23882393f7e2b2ff61f1b23ab227cc20b22d535c5d2a0a30:1",
      "script_sig": "47304402204ddbf846807ef0ac6ffeed395c88c12dc08a9ff5cf6faf92d42bef734b7e49c402200d8e2fac6ee8b7fc91c8184ffd567769e1f6ac912c51f7eb84e0233a35edc08b01",
      "sequence": 4294967295,
      "witness": []
    },
    [
      {
        "Some": [
          64,
          66,
          193,
          196,
          255,
          203,
          163,
          56,
          190,
          215,
          57,
          245,
          57,
          21,
          248,
          237,
          196,
          224,
          61,
          42,
          58,
          254,
          14,
          68,
          182,
          4,
          24,
          105,
          140,
          138,
          84,
          19
        ]
      },
      {
        "header_code": 126626,
        "amount": 24000000,
        "spk_ty": {
          "Other": [
            65,
            4,
            208,
            130,
            110,
            54,
            230,
            0,
            161,
            114,
            0,
            147,
            104,
            134,
            206,
            158,
            248,
            79,
            231,
            51,
            36,
            2,
            12,
            218,
            166,
            50,
            202,
            238,
            85,
            189,
            233,
            64,
            236,
            245,
            42,
            170,
            195,
            221,
            121,
            67,
            27,
            126,
            94,
            29,
            3,
            24,
            209,
            230,
            5,
            210,
            221,
            61,
            16,
            122,
            233,
            157,
            197,
            78,
            74,
            190,
            13,
            242,
            95,
            129,
            210,
            195,
            172
          ]
        }
      }
    ]
  ],
  [
    {
      "previous_output": "bebc788c4825587942df899a4a01d8a87482e819051bd5cd24023b54d7b3fa09:0",
      "script_sig": "4730440220624ad81b5a2f94406fc58fe0307563af9222f63826a00c313c091d555626772d02202d846bf16540ed57dcd043b7a3d0c559e243e5531c857bbb246a0ae0545727a901",
      "sequence": 4294967295,
      "witness": []
    },
    [
      {
        "Some": [
          58,
          113,
          193,
          216,
          182,
          102,
          236,
          25,
          43,
          34,
          186,
          21,
          154,
          189,
          250,
          153,
          109,
          197,
          146,
          181,
          126,
          41,
          189,
          170,
          92,
          61,
          224,
          209,
          111,
          14,
          69,
          45
        ]
      },
      {
        "header_code": 126626,
        "amount": 31000000,
        "spk_ty": {
          "Other": [
            65,
            4,
            89,
            241,
            237,
            162,
            21,
            141,
            180,
            6,
            201,
            103,
            84,
            179,
            236,
            232,
            194,
            250,
            160,
            2,
            204,
            166,
            192,
            190,
            93,
            220,
            99,
            147,
            171,
            56,
            37,
            123,
            32,
            129,
            201,
            148,
            84,
            159,
            90,
            189,
            158,
            35,
            145,
            107,
            142,
            33,
            138,
            27,
            79,
            219,
            127,
            242,
            48,
            159,
            106,
            74,
            243,
            212,
            148,
            26,
            57,
            252,
            211,
            231,
            172,
            26,
            172
          ]
        }
      }
    ]
  ],
  [
    {
      "previous_output": "4e10141927d46eb3a797ea86c95d2628714407358a92caf1d2d1c35d7adf6596:0",
      "script_sig": "4830450220308e2cfb806e34dae1437a446a7b33992a75e14f7d8203472aaf5f470872dbff022100d4ca769dc8e9d9d81f8b414b9e4b968c1d5ec22d27f0b18104325ce62ea142c101",
      "sequence": 4294967295,
      "witness": []
    },
    [
      {
        "Some": [
          80,
          90,
          207,
          148,
          19,
          107,
          188,
          150,
          37,
          84,
          130,
          102,
          92,
          70,
          127,
          56,
          166,
          106,
          137,
          101,
          13,
          191,
          232,
          192,
          128,
          32,
          126,
          143,
          169,
          125,
          65,
          116
        ]
      },
      {
        "header_code": 126626,
        "amount": 400000000,
        "spk_ty": {
          "Other": [
            65,
            4,
            15,
            196,
            153,
            24,
            206,
            248,
            94,
            7,
            221,
            14,
            208,
            205,
            52,
            151,
            87,
            90,
            5,
            7,
            181,
            122,
            152,
            149,
            1,
            138,
            154,
            96,
            123,
            99,
            2,
            59,
            139,
            16,
            240,
            226,
            100,
            246,
            71,
            244,
            195,
            41,
            107,
            134,
            10,
            133,
            10,
            5,
            47,
            35,
            101,
            157,
            160,
            30,
            57,
            64,
            61,
            29,
            93,
            84,
            151,
            204,
            67,
            80,
            132,
            235,
            172
          ]
        }
      }
    ]
  ],
  [
    {
      "previous_output": "9e36aecceab52a8efd5c70b83ec4b100de5c22951c1cb4b12d1f5025e7b33c43:1",
      "script_sig": "48304502202d8f4f7ad1b32bd258ed088db0cd107b5847671588c436523ad300b0764b4c7f022100da237334ccd74372181dd1b7d57e04672b2ba2f07467a3c71f733463a72ca6da01",
      "sequence": 4294967295,
      "witness": []
    },
    [
      {
        "Some": [
          13,
          248,
          111,
          213,
          236,
          154,
          80,
          64,
          130,
          188,
          154,
          210,
          0,
          246,
          174,
          251,
          237,
          3,
          21,
          63,
          8,
          168,
          153,
          240,
          83,
          124,
          129,
          182,
          54,
          251,
          171,
          2
        ]
      },
      {
        "header_code": 126626,
        "amount": 30000000,
        "spk_ty": {
          "Other": [
            65,
            4,
            144,
            126,
            57,
            213,
            164,
            53,
            88,
            147,
            15,
            177,
            85,
            163,
            145,
            113,
            151,
            49,
            100,
            140,
            44,
            23,
            191,
            9,
            99,
            115,
            100,
            102,
            182,
            94,
            24,
            233,
            15,
            207,
            159,
            78,
            2,
            223,
            197,
            193,
            28,
            60,
            173,
            249,
            19,
            219,
            235,
            118,
            113,
            83,
            234,
            125,
            37,
            37,
            4,
            45,
            108,
            220,
            30,
            98,
            8,
            161,
            8,
            21,
            145,
            21,
            172
          ]
        }
      }
    ]
  ],
  [
    {
      "previous_output": "18f694d74befa949466f2d45f319a8010a0de89dd2b5d173faf4dddcf72d4ca4:0",
      "script_sig": "48304502206886df8bc72394a51f49c3d5aa4d61ce240d4d6c37bca38288492a704f4f62a6022100bc7b4833dbea1b40aac0c7ce5ffdbd7a64e3d309eeca809d05bc643d7b149b3f01",
      "sequence": 4294967295,
      "witness": []
    },
    [
      {
        "Some": [
          68,
          140,
          63,
          133,
          11,
          72,
          217,
          203,
          71,
          59,
          130,
          1,
          216,
          34,
          123,
          56,
          101,
          114,
          133,
          22,
          248,
          130,
          214,
          42,
          246,
          13,
          235,
          238,
          186,
          178,
          193,
          159
        ]
      },
      {
        "header_code": 126626,
        "amount": 28000000,
        "spk_ty": {
          "Other": [
            65,
            4,
            92,
            252,
            37,
            85,
            195,
            178,
            112,
            2,
            54,
            131,
            81,
            127,
            113,
            216,
            148,
            23,
            173,
            57,
            112,
            47,
            157,
            2,
            62,
            153,
            101,
            39,
            142,
            101,
            63,
            96,
            130,
            20,
            189,
            25,
            169,
            36,
            53,
            34,
            192,
            179,
            132,
            129,
            252,
            59,
            192,
            38,
            251,
            226,
            165,
            204,
            138,
            180,
            135,
            36,
            47,
            47,
            68,
            229,
            180,
            131,
            104,
            16,
            151,
            93,
            172
          ]
        }
      }
    ]
  ],
  [
    {
      "previous_output": "69ea14c12d38cec8238221838cb0de96f7c00182b51281ab1dfd6e9c91e7b934:0",
      "script_sig": "483045022029ed607863826e2a77a176525152de57a841518848b5a3ad351bd7ab36b1ae8a022100ee56e40f7df4762163cb6e4545a106adbb1d6cb5d83f8f72a3bd22ba1b4b3a4501",
      "sequence": 4294967295,
      "witness": []
    },
    [
      {
        "Some": [
          73,
          21,
          8,
          247,
          155,
          36,
          119,
          84,
          232,
          235,
          230,
          216,
          127,
          110,
          180,
          107,
          149,
          111,
          209,
          71,
          106,
          55,
          21,
          217,
          222,
          239,
          29,
          122,
          205,
          145,
          221,
          243
        ]
      },
      {
        "header_code": 126626,
        "amount": 200000000,
        "spk_ty": {
          "Other": [
            65,
            4,
            64,
            202,
            100,
            52,
            214,
            128,
            203,
            36,
            109,
            122,
            98,
            116,
            81,
            225,
            5,
            187,
            93,
            95,
            133,
            213,
            31,
            136,
            132,
            214,
            243,
            217,
            180,
            197,
            114,
            8,
            113,
            104,
            19,
            14,
            20,
            156,
            233,
            144,
            157,
            13,
            112,
            20,
            168,
            62,
            222,
            28,
            125,
            103,
            137,
            224,
            89,
            132,
            186,
            187,
            162,
            41,
            69,
            207,
            28,
            130,
            222,
            21,
            131,
            41,
            172
          ]
        }
      }
    ]
  ],
  [
    {
      "previous_output": "865be47c3d7c9dff8b8402efc3d72206bf12fc36830660767e8f6aaac014c387:0",
      "script_sig": "493046022100b411f236948b9aa7a2e15ba2e593a469056e60e6e0b750d000c9092a69443c51022100e28c38bc69a1f22ffa2afe193a7f550a7d4e47a99da45191da323a0cad81266801",
      "sequence": 4294967295,
      "witness": []
    },
    [
      {
        "Some": [
          113,
          141,
          233,
          242,
          173,
          80,
          77,
          137,
          142,
          54,
          87,
          219,
          229,
          251,
          230,
          101,
          195,
          12,
          139,
          235,
          108,
          207,
          145,
          153,
          121,
          222,
          93,
          180,
          87,
          71,
          114,
          110
        ]
      },
      {
        "header_code": 126626,
        "amount": 26000000,
        "spk_ty": {
          "Other": [
            65,
            4,
            154,
            199,
            67,
            11,
            152,
            251,
            160,
            112,
            216,
            180,
            204,
            177,
            184,
            135,
            134,
            156,
            155,
            161,
            186,
            155,
            188,
            77,
            146,
            117,
            89,
            191,
            120,
            251,
            15,
            237,
            31,
            26,
            93,
            185,
            194,
            217,
            223,
            245,
            179,
            149,
            41,
            192,
            208,
            226,
            193,
            52,
            80,
            28,
            119,
            71,
            112,
            90,
            92,
            244,
            231,
            80,
            178,
            239,
            228,
            127,
            142,
            222,
            60,
            184,
            172
          ]
        }
      }
    ]
  ],
  [
    {
      "previous_output": "34ed9066ac572354dcd40c4260a23cd3124fab7431e0053a74ebee860135e338:0",
      "script_sig": "4730440220403f1ceaec8de30133ff65190b2d64474ffae82bb517c031182a61960bf7b4560220208d766cc299401cc216c40c4a11d2ba8f33a5acd1229ad5984c12f4e6fb773501",
      "sequence": 4294967295,
      "witness": []
    },
    [
      {
        "Some": [
          66,
          184,
          59,
          124,
          35,
          14,
          37,
          248,
          177,
          149,
          158,
          156,
          81,
          34,
          216,
          223,
          114,
          209,
          219,
          170,
          140,
          134,
          95,
          102,
          197,
          168,
          163,
          188,
          58,
          23,
          204,
          166
        ]
      },
      {
        "header_code": 126626,
        "amount": 23000000,
        "spk_ty": {
          "Other": [
            65,
            4,
            29,
            252,
            27,
            56,
            3,
            46,
            171,
            56,
            164,
            251,
            44,
            149,
            247,
            25,
            5,
            66,
            215,
            76,
            50,
            20,
            70,
            85,
            8,
            124,
            33,
            25,
            30,
            247,
            170,
            222,
            121,
            214,
            83,
            246,
            19,
            8,
            139,
            90,
            161,
            234,
            130,
            6,
            97,
            57,
            238,
            4,
            40,
            24,
            76,
            96,
            39,
            153,
            66,
            1,
            122,
            79,
            9,
            135,
            45,
            144,
            79,
            0,
            199,
            249,
            172
          ]
        }
      }
    ]
  ],
  [
    {
      "previous_output": "9bd300ba670612af168fcdfc3da537c25741231cc3468790452100e01b4aa48a:1",
      "script_sig": "483045022100c9d7869126eaab51ba4d6e15d2c8c7fb10e5ce1b7911b16c2283c4c248e0fb1302206465062f949ebd6c65a0f45f228caaf741af130f96ff1311ce663efa4eb534a4014104e5b0b776f183d59845bc63d074665a8062b77ee6c24e59507b6a4a02806720597a2d9ea9757b34c2e8b75875cb7071acebe138778f1472d10597abb48e22c51b",
      "sequence": 4294967295,
      "witness": []
    },
    [
      {
        "Some": [
          113,
          10,
          65,
          97,
          5,
          120,
          162,
          38,
          115,
          57,
          64,
          123,
          55,
          207,
          144,
          121,
          216,
          120,
          55,
          188,
          91,
          64,
          2,
          2,
          91,
          113,
          253,
          82,
          109,
          230,
          19,
          215
        ]
      },
      {
        "header_code": 126570,
        "amount": 500000000,
        "spk_ty": "PubKeyHash"
      }
    ]
  ],
  [
    {
      "previous_output": "c09d8df634a12333a6798c22c270fc040691f3e41e4d06f0ebe6a51a8537f394:1",
      "script_sig": "483045022100ccc4989bc9341c7b1500a7101ed7b907e0f9799782fd5868fc7f38325731b3da02203e5758d02dd97804897615d6d7ef9b4449ed7e077f35a57d8f3d9a461a00b6e401",
      "sequence": 4294967295,
      "witness": []
    },
    [
      {
        "Some": [
          195,
          49,
          209,
          194,
          190,
          47,
          141,
          154,
          135,
          220,
          16,
          34,
          237,
          218,
          238,
          151,
          163,
          155,
          236,
          57,
          166,
          8,
          116,
          109,
          248,
          135,
          50,
          249,
          78,
          83,
          35,
          210
        ]
      },
      {
        "header_code": 126626,
        "amount": 22000000,
        "spk_ty": {
          "Other": [
            65,
            4,
            88,
            53,
            119,
            131,
            88,
            245,
            156,
            74,
            196,
            83,
            153,
            217,
            103,
            7,
            63,
            95,
            68,
            132,
            148,
            118,
            219,
            153,
            130,
            78,
            104,
            71,
            78,
            141,
            29,
            139,
            178,
            107,
            21,
            113,
            85,
            51,
            142,
            252,
            34,
            179,
            185,
            63,
            188,
            2,
            239,
            52,
            105,
            198,
            109,
            249,
            47,
            157,
            165,
            106,
            9,
            251,
            108,
            50,
            36,
            55,
            241,
            238,
            138,
            27,
            172
          ]
        }
      }
    ]
  ]
]