[
  [
    {
      "previous_output": "aa397b27bed2a9577df83eb6bbc7d6bdfb108ccfe346d204eb9bc839472a3bb7:0",
      "script_sig": "483045022100925d4ecd39857b773e03acba242a5fb0aa10f7e2ce5da53c1cbed07d231017a502202de52226eaf91435df66294adf754d7fc4bb869aaf5266bd95d96c712950545c01",
      "sequence": 4294967295,
      "witness": []
    },
    [
      {
        "Some": [
          142,
          10,
          5,
          129,
          147,
          72,
          77,
          203,
          234,
          197,
          81,
          236,
          148,
          234,
          63,
          9,
          36,
          109,
          84,
          175,
          31,
          251,
          98,
          209,
          101,
          226,
          115,
          155,
          106,
          219,
          50,
          247
        ]
      },
      {
        "header_code": 114226,
        "amount": 10000000000,
        "spk_ty": {
          "Other": [
            65,
            4,
            248,
            91,
            225,
            164,
            232,
            101,
            103,
            109,
            146,
            122,
            206,
            180,
            169,
            248,
            153,
            235,
            245,
            1,
            120,
            202,
            168,
            205,
            156,
            59,
            172,
            6,
            121,
            204,
            17,
            238,
            233,
            33,
            231,
            168,
            210,
            176,
            213,
            85,
            236,
            53,
            254,
            108,
            78,
            185,
            183,
            95,
            65,
            145,
            10,
            249,
            137,
            156,
            71,
            32,
            54,
            253,
            74,
            142,
            76,
            77,
            197,
            112,
            0,
            127,
            172
          ]
        }
      }
    ]
  ],
  [
    {
      "previous_output": "bcd3bff748813ad6b5c3137cc6b2f5563700fe858cda6fa534f38cb986f2f1ea:0",
      "script_sig": "48304502207df3b00e53444197e130185db632b009b88dca5f5e1b730f50dba78c6b18bf5f022100d214716fdc6d9771447d979c324d4141d494e72b436fa3e2e91a29a72bb7e1ec01",
      "sequence": 4294967295,
      "witness": []
    },
    [
      {
        "Some": [
          58,
          70,
          42,
          226,
          124,
          3,
          134,
          241,
          183,
          146,
          163,
          51,
          106,
          211,
          90,
          1,
          144,
          200,
          159,
          35,
          28,
          111,
          119,
          56,
          240,
          229,
          212,
          99,
          30,
          212,
          155,
          98
        ]
      },
      {
        "header_code": 114226,
        "amount": 10000000000,
        "spk_ty": {
          "Other": [
            65,
            4,
            66,
            116,
            130,
            104,
            209,
            80,
            136,
            13,
            23,
            154,
            238,
            99,
            147,
            192,
            103,
            198,
            127,
            251,
            206,
            120,
            120,
            15,
            205,
            93,
            214,
            51,
            196,
            125,
            105,
            21,
            89,
            79,
            206,
            202,
            143,
            70,
            74,
            172,
            55,
            241,
            99,
            97,
            157,
            181,
            125,
            79,
            209,
            100,
            211,
            129,
            171,
            182,
            72,
            63,
            26,
            32,
            222,
            165,
            170,
            103,
            8,
            200,
            44,
            51,
            172
          ]
        }
      }
    ]
  ],
  [
    {
      "previous_output": "64c5ceabcf023ffaa11192aefb1f606ebe664b5875c2310dd18bacdeee2df5ad:0",
      "script_sig": "4930460221009b4798dbe7cb5b8423d59063d191e024d84b2eb6d41d229deee26414b31431960221009dde01a750709943034dc251dfd51279b6bd35a54cfe0181ae08d8c0241c33ac014104d925fceaad1806b143bd079f987a70a5cb9ed3c87e19995a3015b339cf91813d5e5a6eaba8b751faffa97d2201999adbba7a587276a0e5f2415663ae171c035d",
      "sequence": 4294967295,
      "witness": []
    },
    [
      {
        "Some": [
          83,
          50,
          129,
          227,
          248,
          194,
          78,
          129,
          114,
          33,
          190,
          23,
          73,
          192,
          219,
          167,
          189,
          174,
          19,
          171,
          35,
          134,
          184,
          177,
          209,
          212,
          161,
          108,
          255,
          163,
          31,
          67
        ]
      },
      {
        "header_code": 113638,
        "amount": 15000000000,
        "spk_ty": "PubKeyHash"
      }
    ]
  ],
  [
    {
      "previous_output": "9b2857b0e22af35974e5e551dabd0160b0b1a18a02e67c21ea93c5cb35e2217d:1",
      "script_sig": "49304602210097f314209ff84d6dc58ae67859260c499e2c6594a376a0453923f1697c1dc3e4022100e7622b69b5b410fc50153fac763657d6b905ba9f143550956048bcbc63fa983b01",
      "sequence": 4294967295,
      "witness": []
    },
    [
      {
        "Some": [
          214,
          103,
          176,
          254,
          55,
          10,
          160,
          131,
          72,
          193,
          118,
          195,
          81,
          24,
          23,
          72,
          64,
          177,
          223,
          208,
          8,
          142,
          42,
          217,
          205,
          12,
          56,
          57,
          216,
          126,
          200,
          95
        ]
      },
      {
        "header_code": 114226,
        "amount": 5000000000,
        "spk_ty": {
          "Other": [
            65,
            4,
            247,
            142,
            202,
            139,
            216,
            27,
            95,
            159,
            145,
            2,
            121,
            252,
            209,
            59,
            29,
            50,
            241,
            205,
            86,
            119,
            50,
            209,
            10,
            20,
            223,
            252,
            12,
            7,
            5,
            168,
            44,
            107,
            251,
            68,
            13,
            55,
            197,
            198,
            149,
            202,
            204,
            32,
            206,
            121,
            177,
            133,
            35,
            41,
            65,
            242,
            63,
            36,
            76,
            250,
            43,
            193,
            93,
            209,
            45,
            23,
            60,
            35,
            179,
            157,
            172
          ]
        }
      }
    ]
  ],
  [
    {
      "previous_output": "62e9983a49a12c634bed1b92420116e49d1c12674fc0f74c403006fe3de9c799:0",
      "script_sig": "47304402201af33d1ae7bdfd21ed1c1782e9f07401bc99c454ebb70ecc340243f33ff87a2502202927bac8c6995cbf98271cb24829337f5be4d40441f700764b2f9357ec35330301",
      "sequence": 4294967295,
      "witness": []
    },
    [
      {
        "Some": [
          31,
          150,
          233,
          83,
          243,
          156,
          57,
          83,
          188,
          139,
          143,
          100,
          225,
          28,
          113,
          48,
          160,
          225,
          199,
          230,
          50,
          253,
          119,
          130,
          125,
          12,
          178,
          163,
          99,
          23,
          130,
          209
        ]
      },
      {
        "header_code": 114224,
        "amount": 5000000000,
        "spk_ty": {
          "Other": [
            65,
            4,
            50,
            152,
            67,
            181,
            95,
            243,
            99,
            28,
            229,
            66,
            148,
            245,
            21,
            146,
            199,
            111,
            231,
            174,
            241,
            141,
            120,
            124,
            217,
            231,
            86,
            169,
            223,
            79,
            33,
            42,
            0,
            250,
            217,
            98,
            4,
            244,
            120,
            3,
            178,
            226,
            57,
            19,
            241,
            243,
            85,
            61,
            255,
            147,
            22,
            5,
            192,
            130,
            146,
            179,
            240,
            56,
            119,
            81,
            19,
            102,
            121,
            194,
            183,
            242,
            172
          ]
        }
      }
    ]
  ],
  [
    {
      "previous_output": "8336031bf7ea6dbb6004eaa31e35fdab359e8d3234f3ee9a10017bfdd522766d:0",
      "script_sig": "483045022075778347cf75a3688e3ff46df023950f5d64e3fc4db7581bb6ab5e54c44e9048022100fc75eb23bcd0e36bd4b07d8024950ea3ecbd6ff7d20af71d500decfb5e335ed1014104d925fceaad1806b143bd079f987a70a5cb9ed3c87e19995a3015b339cf91813d5e5a6eaba8b751faffa97d2201999adbba7a587276a0e5f2415663ae171c035d",
      "sequence": 4294967295,
      "witness": []
    },
    [
      {
        "Some": [
          33,
          217,
          57,
          139,
          238,
          139,
          116,
          134,
          181,
          65,
          162,
          15,
          36,
          231,
          130,
          95,
          95,
          83,
          132,
          130,
          169,
          203,
          30,
          239,
          247,
          154,
          76,
          22,
          160,
          141,
          221,
          18
        ]
      },
      {
        "header_code": 113984,
        "amount": 15000000000,
        "spk_ty": "PubKeyHash"
      }
    ]
  ],
  [
    {
      "previous_output": "3c2512fc8473ae119beca8556f6be65cb358d3f25e6d063057fa676c1a642c4c:1",
      "script_sig": "483045022100ed59052ffa52659dd01ed3a32f178472d399c476d606568e8c4bcc2ba7442db102204b7e82a9772942f501b87bed1521cb02beeda23ddc4b652ae39f97286f574b7d01",
      "sequence": 4294967295,
      "witness": []
    },
    [
      {
        "Some": [
          250,
          114,
          240,
          135,
          236,
          104,
          146,
          141,
          150,
          99,
          232,
          6,
          109,
          238,
          129,
          209,
          60,
          67,
          165,
          52,
          228,
          131,
          16,
          122,
          122,
          213,
          101,
          68,
          230,
          118,
          145,
          194
        ]
      },
      {
        "header_code": 114226,
        "amount": 5000000000,
        "spk_ty": {
          "Other": [
            65,
            4,
            33,
            27,
            218,
            177,
            180,
            7,
            123,
            83,
            103,
            137,
            47,
            3,
            106,
            131,
            36,
            33,
            32,
            187,
            133,
            218,
            30,
            236,
            50,
            207,
            245,
            73,
            214,
            47,
            174,
            52,
            32,
            50,
            81,
            43,
            152,
            158,
            56,
            236,
            238,
            86,
            125,
            106,
            90,
            32,
            79,
            169,
            157,
            229,
            245,
            191,
            232,
            197,
            3,
            204,
            154,
            205,
            102,
            171,
            134,
            219,
            20,
            195,
            246,
            247,
            172
          ]
        }
      }
    ]
  ],
  [
    {
      "previous_output": "90aa27025d52c9032a15db22e44b6f810b2e9dd1639cac461864adf863063c28:0",
      "script_sig": "49304602210083b79d9b62943e67e007cf831c5d96ba56130f81c83b5b29f5c52d9eb56476db022100c29fda9da8074698526ae9bc3cd4f6347d5b0b7cf8787933925c44b21bc7bf3901",
      "sequence": 4294967295,
      "witness": []
    },
    [
      {
        "Some": [
          97,
          47,
          80,
          91,
          53,
          217,
          69,
          163,
          22,
          10,
          214,
          213,
          113,
          147,
          63,
          249,
          103,
          9,
          58,
          167,
          238,
          84,
          104,
          251,
          136,
          5,
          232,
          235,
          134,
          214,
          145,
          195
        ]
      },
      {
        "header_code": 114226,
        "amount": 5000000000,
        "spk_ty": {
          "Other": [
            65,
            4,
            189,
            179,
            230,
            8,
            141,
            229,
            91,
            232,
            48,
            70,
            238,
            5,
            216,
            246,
            101,
            211,
            53,
            134,
            96,
            47,
            103,
            195,
            177,
            1,
            235,
            70,
            236,
            249,
            110,
            58,
            238,
            74,
            43,
            205,
            145,
            143,
            237,
            71,
            226,
            74,
            37,
            92,
            40,
            145,
            254,
            159,
            203,
            125,
            52,
            190,
            193,
            241,
            229,
            28,
            250,
            84,
            99,
            113,
            29,
            179,
            61,
            180,
            31,
            30,
            172
          ]
        }
      }
    ]
  ],
  [
    {
      "previous_output": "fd608e19885e85569e6f2cfcaad36ab952e578f798337d20703dfa22866ff1a4:0",
      "script_sig": "4830450221008dcab1b35f1e7d76f180e9166404e54bfe065cd662e733a238412f7bc0a3f26c022007dcfab62917a1b36dff45cc911886bebabe4473512c1206b963c8d5888800c40141048478925b23a23e73b1b3553eb1329a34244dac8cad47876aacc7bbad60eea93eedfa24a64b7678198f0fa0418336ae828e5fe1eda72255d6b29e388bd26e13af",
      "sequence": 4294967295,
      "witness": []
    },
    [
      {
        "Some": [
          102,
          203,
          12,
          220,
          5,
          29,
          123,
          151,
          127,
          25,
          48,
          242,
          225,
          108,
          157,
          195,
          217,
          170,
          8,
          58,
          159,
          197,
          67,
          70,
          171,
          111,
          154,
          249,
          136,
          138,
          9,
          180
        ]
      },
      {
        "header_code": 113398,
        "amount": 10000000000,
        "spk_ty": "PubKeyHash"
      }
    ]
  ]
]