[
  [
    {
      "previous_output": "a739f9909bdf50466fd746e42394fada8e245f29e6f5747fca0a70dec470b75f:0",
      "script_sig": "4830450220745a8d99c51f98f5c93b8d2f5f14a1f2d8cc42ff7329645681bcafe846cbf50d022100b24e31186129f3ae6cc8a226d1eda389373652a9cf2095631fcc4345067c1ff301",
      "sequence": 4294967295,
      "witness": []
    },
    [
      {
        "Some": [
          63,
          36,
          87,
          6,
          162,
          217,
          69,
          60,
          114,
          111,
          157,
          13,
          40,
          211,
          191,
          163,
          155,
          255,
          195,
          189,
          251,
          154,
          142,
          43,
          199,
          192,
          157,
          33,
          141,
          76,
          93,
          93
        ]
      },
      {
        "header_code": 885,
        "amount": 5000000000,
        "spk_ty": {
          "Other": [
            65,
            4,
            200,
            169,
            200,
            122,
            18,
            186,
            218,
            90,
            148,
            185,
            3,
            188,
            120,
            14,
            19,
            228,
            150,
            0,
            0,
            12,
            43,
            74,
            63,
            77,
            17,
            245,
            165,
            44,
            111,
            195,
            206,
            226,
            148,
            157,
            30,
            188,
            91,
            186,
            50,
            169,
            202,
            69,
            110,
            35,
            201,
            172,
            67,
            242,
            48,
            122,
            10,
            234,
            60,
            221,
            176,
            211,
            42,
            213,
            233,
            123,
            59,
            207,
            211,
            105,
            172
          ]
        }
      }
    ]
  ],
  [
    {
      "previous_output": "e7caf9a784751643f7b71881aaf96e2b3e041950b42638b4fcfe82ff57ba260d:0",
      "script_sig": "483045022024fd7345df2b2bd0e6f8416529046b7d52bda5ffdb70146bc6d72b1ba73cabcd022100ff99c03006cc8f28d92e686f0ae640d20395177f329d0a9dbd560fd2a55aeee701",
      "sequence": 4294967295,
      "witness": []
    },
    [
      {
        "Some": [
          210,
          58,
          5,
          157,
          45,
          11,
          100,
          107,
          27,
          195,
          37,
          236,
          202,
          18,
          183,
          5,
          76,
          187,
          178,
          242,
          50,
          222,
          39,
          103,
          163,
          85,
          24,
          179,
          75,
          201,
          175,
          45
        ]
      },
      {
        "header_code": 635,
        "amount": 5000000000,
        "spk_ty": {
          "Other": [
            65,
            4,
            69,
            170,
            38,
            202,
            158,
            194,
            195,
            123,
            129,
            105,
            147,
            23,
            160,
            238,
            140,
            22,
            10,
            172,
            223,
            127,
            113,
            123,
            103,
            241,
            171,
            152,
            67,
            45,
            225,
            229,
            169,
            84,
            255,
            255,
            90,
            247,
            16,
            126,
            188,
            32,
            202,
            17,
            99,
            147,
            103,
            49,
            141,
            159,
            117,
            41,
            148,
            92,
            126,
            254,
            23,
            18,
            128,
            153,
            58,
            247,
            218,
            151,
            152,
            196,
            172
          ]
        }
      }
    ]
  ],
  [
    {
      "previous_output": "c3f0bb699bcc8a4e0716de45aef74c40aabeb80f7f00b3bdb45e115ee6f5400f:0",
      "script_sig": "47304402201092da40af6dea8abcbeefb8586335b26d39d36be9b6c38d6c9cc18f20dd5886022045964de79a9008f68d53fc9bc58f9e30b224a1b98dbfda5c7b7b860f32c6aef101",
      "sequence": 4294967295,
      "witness": []
    },
    [
      {
        "Some": [
          216,
          193,
          110,
          35,
          38,
          231,
          21,
          56,
          101,
          30,
          233,
          255,
          243,
          33,
          215,
          98,
          80,
          82,
          160,
          184,
          172,
          214,
          112,
          51,
          58,
          125,
          120,
          147,
          158,
          14,
          162,
          145
        ]
      },
      {
        "header_code": 537,
        "amount": 5000000000,
        "spk_ty": {
          "Other": [
            65,
            4,
            246,
            35,
            7,
            104,
            68,
            196,
            130,
            141,
            26,
            247,
            46,
            55,
            240,
            20,
            47,
            140,
            0,
            170,
            191,
            7,
            13,
            149,
            34,
            84,
            147,
            176,
            129,
            218,
            236,
            138,
            72,
            47,
            108,
            121,
            185,
            76,
            160,
            151,
            143,
            148,
            87,
            221,
            217,
            234,
            112,
            190,
            199,
            108,
            152,
            188,
            237,
            118,
            190,
            85,
            243,
            175,
            34,
            95,
            235,
            201,
            185,
            121,
            26,
            233,
            172
          ]
        }
      }
    ]
  ],
  [
    {
      "previous_output": "d8bb7a39f85135c14c37c8d370c97d642b907a791dd235793061e86e094c8d96:0",
      "script_sig": "483045022100ca65b3f290724d6c56fc333570fa342f2477f34b2a6c93c2e2d7216d9fe9088e022077e259a29ed1f988fab2b9f2ce17a4a56a20c188cadc72bca94e06a73826966501",
      "sequence": 4294967295,
      "witness": []
    },
    [
      {
        "Some": [
          41,
          11,
          49,
          129,
          245,
          40,
          104,
          149,
          172,
          78,
          46,
          254,
          203,
          143,
          110,
          180,
          28,
          44,
          7,
          204,
          129,
          235,
          217,
          189,
          109,
          45,
          140,
          21,
          251,
          80,
          65,
          250
        ]
      },
      {
        "header_code": 901,
        "amount": 5000000000,
        "spk_ty": {
          "Other": [
            65,
            4,
            8,
            31,
            77,
            238,
            101,
            46,
            241,
            30,
            139,
            49,
            91,
            0,
            248,
            112,
            90,
            78,
            2,
            219,
            4,
            112,
            43,
            161,
            58,
            31,
            197,
            24,
            8,
            164,
            120,
            163,
            178,
            36,
            123,
            168,
            136,
            204,
            98,
            173,
            48,
            228,
            21,
            46,
            195,
            11,
            174,
            6,
            95,
            179,
            186,
            185,
            148,
            200,
            220,
            142,
            119,
            111,
            38,
            138,
            237,
            87,
            14,
            163,
            54,
            23,
            172
          ]
        }
      }
    ]
  ],
  [
    {
      "previous_output": "b6c967d8f3a3d5fe859a12e9f385531655c2c457326845065fc3942da9e19920:0",
      "script_sig": "483045022100c8e980f43c616232e2d59dce08a5edb84aaa0915ea49780a8af367330216084a02203cc2628f16f995c7aaf6104cba64971963a4e084e4fbd0b6bcf825b47a09f8e301",
      "sequence": 4294967295,
      "witness": []
    },
    [
      {
        "Some": [
          171,
          105,
          216,
          52,
          202,
          78,
          48,
          87,
          122,
          90,
          171,
          14,
          57,
          22,
          207,
          144,
          236,
          224,
          146,
          208,
          116,
          64,
          44,
          176,
          209,
          185,
          121,
          228,
          241,
          246,
          109,
          191
        ]
      },
      {
        "header_code": 863,
        "amount": 5000000000,
        "spk_ty": {
          "Other": [
            65,
            4,
            198,
            189,
            227,
            238,
            222,
            209,
            254,
            200,
            250,
            213,
            212,
            13,
            160,
            157,
            218,
            161,
            109,
            202,
            93,
            2,
            8,
            154,
            151,
            249,
            11,
            143,
            2,
            222,
            185,
            47,
            72,
            45,
            34,
            154,
            143,
            102,
            232,
            169,
            28,
            124,
            240,
            236,
            199,
            179,
            209,
            7,
            98,
            236,
            39,
            132,
            16,
            7,
            25,
            174,
            255,
            2,
            150,
            220,
            152,
            113,
            66,
            211,
            158,
            87,
            172
          ]
        }
      }
    ]
  ],
  [
    {
      "previous_output": "193b51cd0c5a44bf6593e69fea91e9ddd311f610c5c23187552e3347b275b81b:0",
      "script_sig": "483045022100b0a1d0a00251c56809a5ab5d7ba6cbe68b82c9bf4f806ee39c568ae537572c840220781ce69017ec3b2d6f96ffff4d19c80c224f40c73b8c26cba4b30e7f4171579b01",
      "sequence": 4294967295,
      "witness": []
    },
    [
      {
        "Some": [
          159,
          25,
          207,
          0,
          20,
          251,
          38,
          115,
          6,
          132,
          217,
          13,
          118,
          29,
          208,
          74,
          211,
          81,
          53,
          49,
          242,
          94,
          207,
          94,
          190,
          56,
          129,
          185,
          241,
          178,
          163,
          230
        ]
      },
      {
        "header_code": 835,
        "amount": 5000000000,
        "spk_ty": {
          "Other": [
            65,
            4,
            189,
            209,
            252,
            127,
            213,
            169,
            211,
            133,
            10,
            28,
            20,
            159,
            63,
            177,
            205,
            105,
            185,
            140,
            20,
            150,
            55,
            90,
            190,
            42,
            192,
            0,
            229,
            238,
            118,
            232,
            242,
            9,
            247,
            32,
            89,
            80,
            176,
            20,
            84,
            26,
            63,
            186,
            251,
            233,
            33,
            88,
            223,
            77,
            211,
            109,
            249,
            23,
            236,
            147,
            247,
            156,
            100,
            237,
            52,
            133,
            176,
            200,
            181,
            122,
            172
          ]
        }
      }
    ]
  ]
]