[
  [
    {
      "previous_output": "390ed774929cda004d4b363999e92d3457ad17c57b446542722c4065ab648572:0",
      "script_sig": "47304402203538696e203c802e8dfbb5100690e5895073db3e1fb9e0daeff313b055cd51b0022002584cc46b8675b8a01ef1c25275ea24bcaba9b49b172b477b7ffb77b571bdf401",
      "sequence": 4294967295,
      "witness": []
    },
    [
      {
        "Some": [
          73,
          153,
          121,
          70,
          162,
          30,
          111,
          201,
          251,
          149,
          213,
          23,
          130,
          110,
          148,
          245,
          57,
          133,
          86,
          162,
          162,
          156,
          141,
          162,
          34,
          94,
          100,
          124,
          221,
          242,
          72,
          114
        ]
      },
      {
        "header_code": 99638,
        "amount": 146781000000,
        "spk_ty": {
          "Other": [
            65,
            4,
            181,
            202,
            128,
            157,
            101,
            65,
            51,
            80,
            166,
            1,
            250,
            61,
            10,
            128,
            189,
            34,
            196,
            166,
            1,
            151,
            58,
            34,
            179,
            157,
            111,
            122,
            222,
            214,
            27,
            26,
            131,
            122,
            67,
            222,
            152,
            204,
            37,
            15,
            142,
            66,
            249,
            127,
            27,
            106,
            118,
            135,
            140,
            103,
            223,
            246,
            186,
            219,
            137,
            56,
            50,
            62,
            246,
            41,
            102,
            102,
            249,
            61,
            235,
            62,
            172
          ]
        }
      }
    ]
  ],
  [
    {
      "previous_output": "995580f9f29a2c015cb2e4e3b9477011ea187c5952eb7f9d9a41b5d6ae4e0667:1",
      "script_sig": "493046022100c462a59bbd967d62bfbd4b2a6054748f4de9bea54eadf4e3c94e7333e3d7acd9022100ddf3d7c93514f7f0838b6cc23ab9f5ee5c1d16c0c30f3fa97074c53d9b4a238a01",
      "sequence": 4294967295,
      "witness": []
    },
    [
      {
        "Some": [
          200,
          201,
          238,
          154,
          218,
          215,
          70,
          94,
          22,
          136,
          229,
          97,
          203,
          220,
          102,
          27,
          140,
          90,
          34,
          20,
          180,
          140,
          220,
          142,
          208,
          64,
          90,
          111,
          169,
          121,
          40,
          117
        ]
      },
      {
        "header_code": 99640,
        "amount": 146669000000,
        "spk_ty": {
          "Other": [
            65,
            4,
            55,
            211,
            234,
            203,
            223,
            43,
            234,
            33,
            49,
            202,
            139,
            242,
            38,
            65,
            146,
            176,
            178,
            121,
            63,
            251,
            72,
            72,
            198,
            84,
            167,
            244,
            159,
            70,
            70,
            190,
            49,
            147,
            191,
            112,
            109,
            91,
            159,
            125,
            218,
            87,
            145,
            207,
            33,
            190,
            241,
            47,
            198,
            230,
            2,
            223,
            67,
            23,
            64,
            206,
            68,
            43,
            231,
            113,
            82,
            27,
            92,
            107,
            252,
            23,
            172
          ]
        }
      }
    ]
  ],
  [
    {
      "previous_output": "380e2b238302f6e91779b5f2dd1173fa6142e67f605155a3264cf3612396a63c:1",
      "script_sig": "483045022023bd5d9f97574915e961528e7e442d91ef87efddc21a2dfde4c9dc75ef3d5d91022100b1618cc49ca06a19ffd65ad9d3863d685a3896e96cdde6f92ff76792516da38101",
      "sequence": 4294967295,
      "witness": []
    },
    [
      {
        "Some": [
          31,
          47,
          183,
          175,
          30,
          125,
          236,
          44,
          121,
          130,
          104,
          42,
          254,
          253,
          28,
          19,
          139,
          223,
          247,
          187,
          12,
          250,
          122,
          33,
          51,
          254,
          166,
          248,
          54,
          30,
          235,
          231
        ]
      },
      {
        "header_code": 99640,
        "amount": 146780000000,
        "spk_ty": {
          "Other": [
            65,
            4,
            220,
            88,
            92,
            116,
            22,
            186,
            128,
            191,
            226,
            227,
            138,
            128,
            191,
            31,
            39,
            239,
            28,
            72,
            128,
            228,
            173,
            59,
            195,
            104,
            0,
            189,
            241,
            0,
            190,
            71,
            62,
            213,
            217,
            19,
            36,
            230,
            240,
            230,
            100,
            114,
            47,
            218,
            141,
            227,
            166,
            90,
            117,
            80,
            66,
            157,
            145,
            140,
            58,
            233,
            178,
            206,
            65,
            220,
            11,
            199,
            65,
            8,
            221,
            57,
            172
          ]
        }
      }
    ]
  ],
  [
    {
      "previous_output": "380e2b238302f6e91779b5f2dd1173fa6142e67f605155a3264cf3612396a63c:0",
      "script_sig": "483045022100b27bd9776c1c93389ae8e3d3f0dc3aecccd0593d413844b18610b1020a78bfa0022044ce5186b8bc4c0c713283e3e5d11c6633beeaa2d4a51c85c73a9ce3a7c0cb6a0141046bd20f8fe764c28f5fe1c4eba69d26e0af42bf1853213d593a5098e075344d6fdc998e9c1e469cad7d799a0891f3bc47ae1f6a1eb6caabd62890a7994f4b6d5f",
      "sequence": 4294967295,
      "witness": []
    },
    [
      {
        "Some": [
          255,
          152,
          185,
          47,
          253,
          215,
          38,
          241,
          54,
          137,
          172,
          116,
          171,
          162,
          158,
          152,
          143,
          181,
          93,
          103,
          22,
          18,
          159,
          209,
          178,
          254,
          137,
          163,
          163,
          73,
          24,
          41
        ]
      },
      {
        "header_code": 99640,
        "amount": 1000000,
        "spk_ty": "PubKeyHash"
      }
    ]
  ],
  [
    {
      "previous_output": "8ef28249e5d50230214bded5ffc7769fcb3c6d937779a5aabb6a4088e1c8b78f:1",
      "script_sig": "48304502210091d8e3006a7ca37de1243289920dfe732d9edceac9ec8fd8559dcae6f5aab08602205bcac0b61f3ff50618b0e60235c4ef826f9b52ef04fcd5a9635aa425c336771601",
      "sequence": 4294967295,
      "witness": []
    },
    [
      {
        "Some": [
          65,
          182,
          234,
          150,
          158,
          103,
          7,
          34,
          248,
          88,
          61,
          11,
          166,
          126,
          88,
          85,
          56,
          89,
          6,
          247,
          33,
          189,
          209,
          83,
          128,
          254,
          5,
          3,
          252,
          172,
          157,
          137
        ]
      },
      {
        "header_code": 99034,
        "amount": 4900000000,
        "spk_ty": {
          "Other": [
            65,
            4,
            47,
            63,
            178,
            147,
            188,
            122,
            144,
            19,
            176,
            147,
            140,
            237,
            223,
            139,
            254,
            78,
            238,
            175,
            50,
            30,
            123,
            78,
            20,
            72,
            163,
            230,
            47,
            241,
            219,
            251,
            163,
            77,
            237,
            80,
            183,
            202,
            196,
            87,
            138,
            68,
            68,
            146,
            251,
            4,
            199,
            171,
            197,
            80,
            187,
            242,
            197,
            183,
            131,
            86,
            92,
            58,
            145,
            223,
            71,
            41,
            119,
            219,
            160,
            2,
            172
          ]
        }
      }
    ]
  ],
  [
    {
      "previous_output": "026e5a5d362cb4ea40c73e38d7512bce9742b13ab9dd78b4654607f1723e62e1:1",
      "script_sig": "483045022030e78a9a92cb0fbd5a5aa4ec6216da97c2188a0a98ff9b0ed81f4ca496bf2b20022100df2c1026bef70aa6783fee0242338ef1e35594f1df7a9cd36b52526b22bd2a2b01",
      "sequence": 4294967295,
      "witness": []
    },
    [
      {
        "Some": [
          250,
          16,
          234,
          140,
          183,
          218,
          134,
          233,
          62,
          223,
          243,
          9,
          219,
          247,
          47,
          238,
          107,
          63,
          174,
          253,
          68,
          45,
          97,
          62,
          212,
          82,
          49,
          199,
          133,
          202,
          60,
          11
        ]
      },
      {
        "header_code": 99640,
        "amount": 146600000000,
        "spk_ty": {
          "Other": [
            65,
            4,
            206,
            69,
            216,
            163,
            192,
            184,
            169,
            156,
            65,
            246,
            85,
            49,
            19,
            225,
            83,
            48,
            48,
            161,
            192,
            174,
            6,
            247,
            21,
            9,
            249,
            107,
            97,
            174,
            52,
            207,
            227,
            214,
            28,
            12,
            189,
            58,
            153,
            10,
            2,
            152,
            105,
            31,
            69,
            76,
            219,
            66,
            229,
            99,
            91,
            45,
            233,
            79,
            23,
            49,
            175,
            9,
            252,
            46,
            156,
            211,
            4,
            226,
            240,
            236,
            172
          ]
        }
      }
    ]
  ],
  [
    {
      "previous_output": "8ef28249e5d50230214bded5ffc7769fcb3c6d937779a5aabb6a4088e1c8b78f:0",
      "script_sig": "493046022100f5db979f0b9d5d26d897d36c37df536a7fd1abbb63be59c68f5815f43c985ecb022100b81a6e7aa991731db065e836af187fcd336ece6b3cf3cb67ae113e53d2210c5c0141045551caaca4caa1535fdea7e3dd6646720869e5c0187077aecfeafe60741aa61a35b013eb0f55081e30fc1b3b03bbc39e2430b31073574c39dbe60d122edb8a1b",
      "sequence": 4294967295,
      "witness": []
    },
    [
      {
        "Some": [
          38,
          132,
          63,
          80,
          5,
          234,
          254,
          158,
          32,
          209,
          116,
          127,
          74,
          171,
          75,
          14,
          251,
          25,
          162,
          78,
          108,
          141,
          2,
          158,
          78,
          79,
          106,
          133,
          59,
          152,
          165,
          141
        ]
      },
      {
        "header_code": 99034,
        "amount": 100000000,
        "spk_ty": "PubKeyHash"
      }
    ]
  ]
]