[
  [
    {
      "previous_output": "c6dbae4c8ca97a746030b390441cdfc750218a20b07d29b56f07b157cdc0bbd3:1",
      "script_sig": "493046022100c52e3b684c8410a2a891855d7a1ebde43b97c5fd1bd419c7082e3e5e6c6ba71c022100bd552e30050d2d846e13c42f8999a99494ee6210f1e336759806460e2385bbf101",
      "sequence": 4294967295,
      "witness": []
    },
    [
      {
        "Some": [
          107,
          182,
          193,
          144,
          33,
          76,
          31,
          10,
          72,
          14,
          252,
          248,
          148,
          92,
          187,
          126,
          39,
          199,
          32,
          1,
          34,
          160,
          201,
          41,
          76,
          149,
          119,
          111,
          220,
          43,
          33,
          213
        ]
      },
      {
        "header_code": 53632,
        "amount": 1350000000000,
        "spk_ty": {
          "Other": [
            65,
            4,
            118,
            182,
            251,
            135,
            63,
            92,
            185,
            192,
            233,
            138,
            156,
            158,
            227,
            43,
            110,
            7,
            197,
            15,
            135,
            233,
            29,
            210,
            31,
            226,
            63,
            76,
            178,
            49,
            184,
            5,
            207,
            237,
            226,
            241,
            57,
            138,
            33,
            34,
            230,
            31,
            17,
            240,
            45,
            76,
            220,
            249,
            11,
            229,
            71,
            26,
            12,
            96,
            128,
            39,
            178,
            184,
            142,
            102,
            87,
            126,
            151,
            215,
            36,
            220,
            172
          ]
        }
      }
    ]
  ],
  [
    {
      "previous_output": "a40d0843b9868a26792e952851a082442eace99f2c384f0ed6ca991612fd2f60:1",
      "script_sig": "47304402204789f9bb49294b8a58d9f62a4603f6039c237c2d04d204984c4416b57f30d9d902201489a44ba11397c475d4a643dd2ba06d932d51fbb8d7e0bd093f74f30d03c7f201",
      "sequence": 4294967295,
      "witness": []
    },
    [
      {
        "Some": [
          146,
          118,
          105,
          157,
          153,
          8,
          104,
          92,
          52,
          47,
          31,
          112,
          226,
          83,
          149,
          182,
          148,
          210,
          14,
          230,
          101,
          160,
          167,
          26,
          53,
          206,
          20,
          125,
          238,
          244,
          160,
          19
        ]
      },
      {
        "header_code": 53632,
        "amount": 1150000000000,
        "spk_ty": {
          "Other": [
            65,
            4,
            118,
            182,
            251,
            135,
            63,
            92,
            185,
            192,
            233,
            138,
            156,
            158,
            227,
            43,
            110,
            7,
            197,
            15,
            135,
            233,
            29,
            210,
            31,
            226,
            63,
            76,
            178,
            49,
            184,
            5,
            207,
            237,
            226,
            241,
            57,
            138,
            33,
            34,
            230,
            31,
            17,
            240,
            45,
            76,
            220,
            249,
            11,
            229,
            71,
            26,
            12,
            96,
            128,
            39,
            178,
            184,
            142,
            102,
            87,
            126,
            151,
            215,
            36,
            220,
            172
          ]
        }
      }
    ]
  ],
  [
    {
      "previous_output": "1043eb5c8b85764358f21127ed51de772db594222d650be07b45f3a9c68bdc78:1",
      "script_sig": "473044022064a40d0df6f00bda8ab36f9961aa8890f470957e519476a8cee215b658280e74022002724c6f3089b93bbc37f6c896ffde2edbaad9883c568abf04a5aae8b0a6c4e601",
      "sequence": 4294967295,
      "witness": []
    },
    [
      {
        "Some": [
          218,
          23,
          29,
          231,
          250,
          203,
          249,
          254,
          216,
          190,
          135,
          188,
          137,
          18,
          85,
          198,
          173,
          40,
          55,
          0,
          199,
          9,
          230,
          233,
          120,
          37,
          109,
          128,
          41,
          36,
          71,
          174
        ]
      },
      {
        "header_code": 53628,
        "amount": 1450000000000,
        "spk_ty": {
          "Other": [
            65,
            4,
            118,
            182,
            251,
            135,
            63,
            92,
            185,
            192,
            233,
            138,
            156,
            158,
            227,
            43,
            110,
            7,
            197,
            15,
            135,
            233,
            29,
            210,
            31,
            226,
            63,
            76,
            178,
            49,
            184,
            5,
            207,
            237,
            226,
            241,
            57,
            138,
            33,
            34,
            230,
            31,
            17,
            240,
            45,
            76,
            220,
            249,
            11,
            229,
            71,
            26,
            12,
            96,
            128,
            39,
            178,
            184,
            142,
            102,
            87,
            126,
            151,
            215,
            36,
            220,
            172
          ]
        }
      }
    ]
  ],
  [
    {
      "previous_output": "b34d15d7b7e6c2a4333fe13f354de1d715b7d8d00ec86b4cf0f8d24bfa71a2e1:1",
      "script_sig": "48304502210095c24bd827909ae7708b37e42d3d227fd21539b9a05921b7cfe3814642668b6402206a27b6a8d1fd246d04ad1711a34afdc0fb3c53405c4f6a7419039d8d1435105301",
      "sequence": 4294967295,
      "witness": []
    },
    [
      {
        "Some": [
          169,
          184,
          121,
          142,
          186,
          211,
          66,
          251,
          132,
          5,
          125,
          209,
          234,
          53,
          188,
          147,
          217,
          93,
          13,
          36,
          249,
          47,
          160,
          245,
          173,
          131,
          53,
          195,
          138,
          165,
          200,
          246
        ]
      },
      {
        "header_code": 53632,
        "amount": 1250000000000,
        "spk_ty": {
          "Other": [
            65,
            4,
            118,
            182,
            251,
            135,
            63,
            92,
            185,
            192,
            233,
            138,
            156,
            158,
            227,
            43,
            110,
            7,
            197,
            15,
            135,
            233,
            29,
            210,
            31,
            226,
            63,
            76,
            178,
            49,
            184,
            5,
            207,
            237,
            226,
            241,
            57,
            138,
            33,
            34,
            230,
            31,
            17,
            240,
            45,
            76,
            220,
            249,
            11,
            229,
            71,
            26,
            12,
            96,
            128,
            39,
            178,
            184,
            142,
            102,
            87,
            126,
            151,
            215,
            36,
            220,
            172
          ]
        }
      }
    ]
  ]
]