[
  [
    {
      "previous_output": "131f68261e28a80c3300b048c4c51f3ca4745653ba7ad6b20cc9188322818f25:1",
      "script_sig": "483045022100ef78daeb60d6332fa6f91ee93d95486d8601b5f2c1d1dc77633801dc6c0eb419022015b19e34de00ae729e20b97de8ac58ea8bb9227ba91a33bfaa26b7480e8a000501",
      "sequence": 4294967295,
      "witness": []
    },
    [
      {
        "Some": [
          198,
          160,
          53,
          122,
          169,
          81,
          169,
          47,
          103,
          168,
          26,
          171,
          3,
          152,
          6,
          112,
          101,
          86,
          156,
          109,
          216,
          227,
          44,
          202,
          36,
          158,
          101,
          233,
          168,
          136,
          234,
          126
        ]
      },
      {
        "header_code": 5624,
        "amount": 4999000000,
        "spk_ty": {
          "Other": [
            65,
            4,
            249,
            128,
            76,
            251,
            134,
            251,
            23,
            68,
            26,
            101,
            98,
            176,
            124,
            78,
            232,
            240,
            18,
            189,
            178,
            218,
            91,
            224,
            34,
            3,
            46,
            75,
            135,
            16,
            3,
            80,
            204,
            199,
            192,
            244,
            212,
            112,
            120,
            176,
            108,
            157,
            34,
            176,
            236,
            16,
            189,
            206,
            76,
            89,
            14,
            13,
            1,
            174,
            214,
            24,
            152,
            122,
            108,
            170,
            140,
            148,
            215,
            78,
            230,
            220,
            172
          ]
        }
      }
    ]
  ],
  [
    {
      "previous_output": "00e45be5b605fdb2106afa4cef5992ee6d4e3724de5dc8b13e729a3fc3ad4b94:0",
      "script_sig": "4930460221009f8aef83489d5c3524b68ddf77e8af8ceb5cba89790d31d2d2db0c80b9cbfd26022100bb2c13e15bb356a4accdd55288e8b2fd39e204a93d849ccf749eaef9d8162787014104f9804cfb86fb17441a6562b07c4ee8f012bdb2da5be022032e4b87100350ccc7c0f4d47078b06c9d22b0ec10bdce4c590e0d01aed618987a6caa8c94d74ee6dc",
      "sequence": 4294967295,
      "witness": []
    },
    [
      {
        "Some": [
          152,
          197,
          169,
          85,
          123,
          84,
          124,
          241,
          37,
          205,
          95,
          2,
          156,
          217,
          223,
          151,
          173,
          181,
          175,
          40,
          68,
          187,
          181,
          80,
          94,
          44,
          34,
          67,
          5,
          43,
          253,
          225
        ]
      },
      {
        "header_code": 5624,
        "amount": 5000000000,
        "spk_ty": "PubKeyHash"
      }
    ]
  ],
  [
    {
      "previous_output": "74c1a6dd6e88f73035143f8fc7420b5c395d28300a70bb35b943f7f2eddc656d:0",
      "script_sig": "493046022100b687c4436277190953466b3e4406484e89a4a4b9dbefea68cf5979f74a8ef5b1022100d32539ffb88736f3f9445fa6dd484b443ebb31af1471ee65071c7414e3ec007b014104f9804cfb86fb17441a6562b07c4ee8f012bdb2da5be022032e4b87100350ccc7c0f4d47078b06c9d22b0ec10bdce4c590e0d01aed618987a6caa8c94d74ee6dc",
      "sequence": 4294967295,
      "witness": []
    },
    [
      {
        "Some": [
          225,
          92,
          24,
          249,
          52,
          37,
          156,
          65,
          232,
          165,
          42,
          146,
          209,
          72,
          93,
          52,
          168,
          96,
          48,
          79,
          83,
          60,
          11,
          209,
          197,
          148,
          231,
          21,
          18,
          14,
          122,
          204
        ]
      },
      {
        "header_code": 5624,
        "amount": 5000000000,
        "spk_ty": "PubKeyHash"
      }
    ]
  ],
  [
    {
      "previous_output": "03a3aaeeccaab92d0d1172cd80d82ca110ddaae76be274f658530176816159ad:0",
      "script_sig": "48304502205e75cfc18f0965e5a69655b040cb86e41ada89ff5b9c41c7a7376b4ee09a44d0022100acc38bb1b7b227fe2852059e2a76484bae7c584044ece5f4e06e33ec4c60aa2f01",
      "sequence": 4294967295,
      "witness": []
    },
    [
      {
        "Some": [
          104,
          224,
          152,
          172,
          30,
          37,
          63,
          199,
          31,
          133,
          199,
          251,
          143,
          150,
          231,
          253,
          248,
          49,
          67,
          165,
          112,
          153,
          36,
          30,
          106,
          29,
          217,
          102,
          11,
          147,
          197,
          226
        ]
      },
      {
        "header_code": 5353,
        "amount": 5000000000,
        "spk_ty": {
          "Other": [
            65,
            4,
            82,
            147,
            209,
            85,
            179,
            12,
            237,
            223,
            3,
            216,
            145,
            107,
            154,
            120,
            129,
            74,
            253,
            221,
            248,
            60,
            180,
            16,
            197,
            217,
            114,
            125,
            26,
            57,
            5,
            220,
            96,
            11,
            131,
            190,
            84,
            53,
            200,
            23,
            74,
            15,
            235,
            114,
            1,
            93,
            211,
            167,
            180,
            205,
            69,
            169,
            26,
            123,
            187,
            86,
            186,
            89,
            27,
            172,
            194,
            85,
            191,
            96,
            38,
            147,
            172
          ]
        }
      }
    ]
  ],
  [
    {
      "previous_output": "a64be218809b61ac67ddc7f6c7f9fbebfe420cf75fe0318ebc727f060df48b37:1",
      "script_sig": "473044022100a154551bb4360cc21ea35cb5825739273136d442331c3d36fbc0229718c56c4d021f320abfcb786b8da7de5f9618996d412223b5e8cee13c250a4cf6afe9c0fe0601",
      "sequence": 4294967295,
      "witness": []
    },
    [
      {
        "Some": [
          84,
          178,
          66,
          28,
          158,
          225,
          236,
          115,
          240,
          6,
          65,
          193,
          71,
          153,
          8,
          179,
          253,
          89,
          93,
          45,
          225,
          204,
          69,
          123,
          150,
          207,
          220,
          45,
          104,
          55,
          125,
          5
        ]
      },
      {
        "header_code": 5624,
        "amount": 4998000000,
        "spk_ty": {
          "Other": [
            65,
            4,
            249,
            128,
            76,
            251,
            134,
            251,
            23,
            68,
            26,
            101,
            98,
            176,
            124,
            78,
            232,
            240,
            18,
            189,
            178,
            218,
            91,
            224,
            34,
            3,
            46,
            75,
            135,
            16,
            3,
            80,
            204,
            199,
            192,
            244,
            212,
            112,
            120,
            176,
            108,
            157,
            34,
            176,
            236,
            16,
            189,
            206,
            76,
            89,
            14,
            13,
            1,
            174,
            214,
            24,
            152,
            122,
            108,
            170,
            140,
            148,
            215,
            78,
            230,
            220,
            172
          ]
        }
      }
    ]
  ]
]