[
  [
    {
      "previous_output": "a67e9d992f625560c166720aebc2a586d4d6b80ea40426af5655950c9c20f6ee:0",
      "script_sig": "4830450220181458b705bb5843b4daeeb910cb5e6f9b10672af2e8500354751a1af55e103a022100abb86a3938524c7c3345e54d8dc36cb899fc967461eadbdb9b564c1fa17131a4014104e80072d846e01eeee15af77bcf8c75ebb6f4db2b8b3da663bbc85be68d11d08d61bddac53b81bf20cda09eaead385f8cd05cc833fc395b1849d0a099e1b3b6fa",
      "sequence": 4294967295,
      "witness": []
    },
    [
      {
        "Some": [
          134,
          218,
          228,
          141,
          211,
          236,
          49,
          98,
          21,
          60,
          174,
          133,
          47,
          94,
          142,
          68,
          117,
          8,
          89,
          251,
          45,
          25,
          151,
          30,
          144,
          46,
          183,
          135,
          0,
          22,
          82,
          43
        ]
      },
      {
        "header_code": 144070,
        "amount": 1420000000,
        "spk_ty": "PubKeyHash"
      }
    ]
  ],
  [
    {
      "previous_output": "62c08878afca41f078d6e3b4b80e7033d26b226c7923e15e5f0a8bafdca7359d:0",
      "script_sig": "4930460221009f94e427483c6c1b966aa3f9eb112dfed9c23fcd24e7fd10f51e6e2b3578cc00022100e08a50f575823ade11457a564e585d3b2bf10bc3073e612ff09dc8e28636bfa8014104bc4c833f6ef0bf0f1d39227fe1f84fcae1f92afab68415da673798a04a93853390aaade549d0486a42334cc67257d0811090be5708d1b3eab0d106315c6017c7",
      "sequence": 4294967295,
      "witness": []
    },
    [
      {
        "Some": [
          243,
          113,
          136,
          231,
          205,
          62,
          210,
          148,
          243,
          56,
          113,
          220,
          239,
          75,
          240,
          49,
          209,
          191,
          129,
          1,
          91,
          52,
          227,
          88,
          175,
          125,
          191,
          149,
          27,
          76,
          32,
          183
        ]
      },
      {
        "header_code": 141442,
        "amount": 179000000,
        "spk_ty": "PubKeyHash"
      }
    ]
  ],
  [
    {
      "previous_output": "98c94b2e56b9e0bae41bec60208e55cd1fc7bc258257552c490cbed1e5a50291:0",
      "script_sig": "4930460221008ea6cdbf9b07e7059403e8163b759bddda84b8788bd15f69ddea536f102428c7022100bd7c6d7bb3d251cb686580333df1455d6ee738f23e1b5c22946aaaee888c6593014104b30942a5e50a6653baec697e2cdc971f51af2ac6496d871a85eed9a47218784f1c5e21d87c36573cd129c669226f322e5a8c947fd6aee96428e9b1939b85ab93",
      "sequence": 4294967295,
      "witness": []
    },
    [
      {
        "Some": [
          39,
          127,
          222,
          170,
          76,
          133,
          80,
          70,
          213,
          16,
          204,
          58,
          226,
          79,
          155,
          60,
          102,
          101,
          242,
          93,
          232,
          45,
          242,
          103,
          46,
          189,
          112,
          62,
          136,
          232,
          52,
          28
        ]
      },
      {
        "header_code": 144070,
        "amount": 1405000000,
        "spk_ty": "PubKeyHash"
      }
    ]
  ],
  [
    {
      "previous_output": "079b613dfc8eafa96cd29e01d203a5ba83961a6e2957c76a7eec06c333be6286:0",
      "script_sig": "48304502206f2ffdbc555155573607e082da5cf18dbbd35e2cdafe62b54112920852123cc9022100aa8e07b09aec5e60efb72c66bf78fa81dad8c9fb3be81da08cb9b0730afb046f01",
      "sequence": 4294967295,
      "witness": []
    },
    [
      {
        "Some": [
          137,
          206,
          237,
          139,
          68,
          43,
          5,
          245,
          79,
          8,
          124,
          235,
          47,
          53,
          107,
          205,
          47,
          37,
          255,
          109,
          40,
          4,
          37,
          61,
          251,
          9,
          173,
          130,
          234,
          110,
          166,
          93
        ]
      },
      {
        "header_code": 89237,
        "amount": 5000000000,
        "spk_ty": {
          "Other": [
            65,
            4,
            243,
            70,
            33,
            127,
            141,
            138,
            180,
            201,
            206,
            132,
            147,
            129,
            142,
            110,
            169,
            193,
            182,
            162,
            218,
            219,
            240,
            41,
            250,
            143,
            49,
            206,
            89,
            145,
            46,
            193,
            240,
            255,
            252,
            40,
            198,
            115,
            255,
            198,
            25,
            129,
            169,
            169,
            24,
            190,
            10,
            70,
            217,
            35,
            157,
            245,
            124,
            6,
            102,
            45,
            162,
            46,
            253,
            162,
            10,
            183,
            93,
            100,
            122,
            117,
            172
          ]
        }
      }
    ]
  ],
  [
    {
      "previous_output": "6b3942ed28ca9e9ab00256dd607741d07daecc65ca32bbc65b06ad7307bb45f3:0",
      "script_sig": "483045022017ba0343ba8f9659f76554b257c25a900c15f98306fcaf9f9674df3a9d5ca938022100dd49898dc51fed7498bd7e84b7d70f37bf46e2d96d6b95a68e1a1a71c553db4e0141049d5c62d8246f8ad1300854a607bd76734897a0962295317deb15323786635603a4569327a018a23a6daae04338369e7e355c415b321760fb2492007dc6a78489",
      "sequence": 4294967295,
      "witness": []
    },
    [
      {
        "Some": [
          149,
          64,
          11,
          8,
          182,
          206,
          29,
          69,
          126,
          207,
          255,
          231,
          170,
          197,
          57,
          208,
          18,
          203,
          249,
          165,
          163,
          160,
          77,
          139,
          184,
          177,
          7,
          11,
          179,
          119,
          72,
          83
        ]
      },
      {
        "header_code": 144070,
        "amount": 1400000000,
        "spk_ty": "PubKeyHash"
      }
    ]
  ],
  [
    {
      "previous_output": "1fa04b62867f4957a03288abbf5ac0316dbba5395d9ddb49208c0968cfc74c0a:0",
      "script_sig": "493046022100c9d0df981a81f5dbdd94c1fc1bb838454f05ce3c53f95c6c0a87eb6aa798ef2a022100f77b842d7e075a222085f0ccf0060a187fa4b071cdc056cb575a08032dc7267301",
      "sequence": 4294967295,
      "witness": []
    },
    [
      {
        "Some": [
          227,
          89,
          141,
          207,
          213,
          213,
          128,
          250,
          127,
          70,
          84,
          91,
          39,
          93,
          69,
          164,
          161,
          53,
          115,
          107,
          90,
          196,
          6,
          116,
          237,
          253,
          47,
          100,
          156,
          147,
          187,
          177
        ]
      },
      {
        "header_code": 110119,
        "amount": 5000000000,
        "spk_ty": {
          "Other": [
            65,
            4,
            135,
            46,
            223,
            184,
            12,
            58,
            96,
            202,
            252,
            73,
            81,
            233,
            97,
            168,
            85,
            180,
            189,
            157,
            176,
            90,
            128,
            201,
            227,
            186,
            154,
            1,
            135,
            140,
            245,
            123,
            218,
            175,
            120,
            172,
            206,
            128,
            69,
            179,
            222,
            168,
            46,
            252,
            187,
            160,
            159,
            120,
            66,
            240,
            137,
            188,
            206,
            113,
            96,
            104,
            32,
            56,
            189,
            202,
            141,
            6,
            117,
            24,
            19,
            233,
            172
          ]
        }
      }
    ]
  ],
  [
    {
      "previous_output": "5f74051dca541448415bfeb5dffa38225ea81d5e112011f52729fa9c534d0811:0",
      "script_sig": "473044022073aa2422255e67d9ac17e08705e10e19aa1c96a9022a03824eff027fa809b4ce02207f1c6f9c41ac6b1211464e2a408c0afe53c7fbb3e26edeebf3fc484b939ce91d01",
      "sequence": 4294967295,
      "witness": []
    },
    [
      {
        "Some": [
          38,
          244,
          14,
          95,
          28,
          180,
          153,
          51,
          8,
          204,
          167,
          177,
          92,
          140,
          78,
          191,
          1,
          88,
          43,
          6,
          9,
          186,
          58,
          12,
          124,
          221,
          20,
          158,
          177,
          182,
          117,
          33
        ]
      },
      {
        "header_code": 90467,
        "amount": 5000000000,
        "spk_ty": {
          "Other": [
            65,
            4,
            38,
            125,
            35,
            153,
            37,
            168,
            119,
            202,
            115,
            252,
            43,
            94,
            167,
            154,
            163,
            72,
            155,
            231,
            150,
            123,
            219,
            239,
            17,
            168,
            101,
            92,
            68,
            104,
            67,
            185,
            126,
            53,
            129,
            85,
            106,
            138,
            62,
            96,
            4,
            89,
            240,
            183,
            122,
            238,
            201,
            24,
            153,
            5,
            223,
            35,
            246,
            242,
            39,
            30,
            190,
            94,
            230,
            252,
            159,
            166,
            239,
            41,
            34,
            197,
            172
          ]
        }
      }
    ]
  ],
  [
    {
      "previous_output": "b0b318e3f5378368ed6c67ac0458dc693469c1fee6c9fe919e868c3e4aabced5:0",
      "script_sig": "493046022100bba8cc43f919f9ab0c798f4fbd89d56657b704acee417c051eb2eedac2c028d60221008ec0dfecd14d3f2dda503dea5cfd9b18f4e07a0b2b12779014ed26406151493d01",
      "sequence": 4294967295,
      "witness": []
    },
    [
      {
        "Some": [
          192,
          175,
          197,
          92,
          151,
          44,
          2,
          77,
          135,
          147,
          53,
          39,
          255,
          30,
          242,
          22,
          71,
          4,
          93,
          126,
          66,
          52,
          236,
          74,
          168,
          106,
          152,
          213,
          41,
          99,
          19,
          206
        ]
      },
      {
        "header_code": 91925,
        "amount": 5000000000,
        "spk_ty": {
          "Other": [
            65,
            4,
            231,
            111,
            147,
            172,
            207,
            183,
            249,
            149,
            74,
            46,
            82,
            42,
            32,
            108,
            132,
            2,
            87,
            6,
            232,
            27,
            47,
            63,
            165,
            46,
            97,
            93,
            74,
            231,
            81,
            191,
            60,
            204,
            1,
            43,
            123,
            140,
            113,
            39,
            158,
            246,
            200,
            236,
            167,
            175,
            27,
            187,
            47,
            127,
            193,
            231,
            29,
            29,
            68,
            87,
            118,
            145,
            98,
            113,
            173,
            158,
            141,
            105,
            49,
            173,
            172
          ]
        }
      }
    ]
  ],
  [
    {
      "previous_output": "dafcf85e88e2c351c1bfbee688b1c84427d5d7ab239bc4628c283962aa8c1307:0",
      "script_sig": "48304502202b595c3d0a2b33a92653f09cb9c7b5d3d9a542d241df01bb42cf149782810c0f022100ef5572fe2c507f1652cec31ef9188b282023d7320ea98216425d3e486e4389c60141041e40e0d70170b3991e193a7fa05d9a646f41728a72c2e9a146a09bf3f9dfedcf30e3e820ae747fb2ec2f47735e9a7159767895cd49a50cc0aea9b2d72c39a0e7",
      "sequence": 4294967295,
      "witness": []
    },
    [
      {
        "Some": [
          42,
          201,
          78,
          89,
          116,
          159,
          118,
          36,
          133,
          63,
          44,
          86,
          186,
          36,
          144,
          72,
          114,
          50,
          20,
          146,
          126,
          226,
          127,
          31,
          38,
          50,
          246,
          39,
          191,
          168,
          157,
          16
        ]
      },
      {
        "header_code": 144070,
        "amount": 1375000000,
        "spk_ty": "PubKeyHash"
      }
    ]
  ],
  [
    {
      "previous_output": "dd09dcdd8a6f05a66185175c5c5fa4c1d7efeefe981e7ed801f8501d4377b6ac:1",
      "script_sig": "48304502207c050692fd46190c58ee8ec7cf674d4b5cae4c5e50a351127789c973eba54ee7022100dbdf30ccc1d33631b7dd3aaa946944542a19dc1a1b6134e598723b104c767b85014104e4dce44f7e4249d18edc76722ede7fa6ecce87791f7e0abcdfcd997ad097dc418ac4e8ad7f24b858a845df3206d323548a793b74788436aeedd1427f0a418267",
      "sequence": 4294967295,
      "witness": []
    },
    [
      {
        "Some": [
          220,
          137,
          57,
          213,
          213,
          216,
          44,
          80,
          173,
          141,
          226,
          227,
          164,
          76,
          96,
          12,
          175,
          169,
          199,
          28,
          23,
          17,
          17,
          145,
          133,
          48,
          89,
          158,
          153,
          196,
          67,
          166
        ]
      },
      {
        "header_code": 144070,
        "amount": 1360000000,
        "spk_ty": "PubKeyHash"
      }
    ]
  ],
  [
    {
      "previous_output": "b060c0e4e7a328e4052e0eb8fb22811cd45f57fecb93500af59594ccc0ae3098:0",
      "script_sig": "483045022056ebbdd84dd9b7c4b785ad04b7ea96fb2cfa5729522930a057bc88f575f2104d022100a6c9eb3e623c0e02cecab478c9cd6585f168cc4e5073cafef62e49b1d5832032014104bb5a429b10edda304186fe82774a2d67d7bc6711ae765231281dae8ceb1490f6d2cbdd1c06f02ce89f34bdb53026b06d5a078df0f39da88a971664093486caf1",
      "sequence": 4294967295,
      "witness": []
    },
    [
      {
        "Some": [
          182,
          171,
          109,
          194,
          132,
          144,
          84,
          3,
          190,
          101,
          187,
          3,
          136,
          28,
          89,
          0,
          238,
          156,
          193,
          19,
          236,
          142,
          92,
          142,
          176,
          2,
          9,
          149,
          178,
          70,
          234,
          8
        ]
      },
      {
        "header_code": 144070,
        "amount": 1365000000,
        "spk_ty": "PubKeyHash"
      }
    ]
  ],
  [
    {
      "previous_output": "d74fa955fd8c8ebf71457791a1e630e415ce51d17c8b0f41dfac198448e3e432:1",
      "script_sig": "48304502203940e354b2105290c823acb3ba34c3513bb0c578a152a7c45ec9a4cbe55e1cc0022100e91d7e73f0e23bfe59a43c9a6017c27a52449372a9f3fdc9b11aa797bfca7723014104d877b6657b3d85c3c095f9f845d147283c62d66154979ef77e3c7b81eaaf96d47a51caeaa85bd0ba2761dc7ca7ffa8cc4095dfbe10b703d0604066cd661bcc7f",
      "sequence": 4294967295,
      "witness": []
    },
    [
      {
        "Some": [
          198,
          136,
          73,
          233,
          122,
          207,
          26,
          95,
          227,
          187,
          222,
          115,
          208,
          200,
          14,
          190,
          224,
          81,
          183,
          57,
          139,
          109,
          4,
          95,
          1,
          227,
          156,
          64,
          226,
          219,
          101,
          57
        ]
      },
      {
        "header_code": 141442,
        "amount": 179000000,
        "spk_ty": "PubKeyHash"
      }
    ]
  ],
  [
    {
      "previous_output": "0a98d2ac2173ab11e3af5d86d89c8429d727d0715574a22ef463c05ce1b593bf:1",
      "script_sig": "493046022100bf029c84d50b5c73d6dee6858267f46f22defa00fbf5d65e23a0e6d37764cef2022100a64405bb3759d839ca9031faf72d6977b15aaf3a43ff868a3fc794110f0f7a71014104498d3aad8b11c57fa1b417f21197a16ffa6cfbf475bca3608de5a6ec7232de6d649f81dc8b91a1c18f82c038926fca955895a577812285e6a95a9e677429838d",
      "sequence": 4294967295,
      "witness": []
    },
    [
      {
        "Some": [
          176,
          151,
          90,
          161,
          124,
          40,
          46,
          146,
          149,
          76,
          6,
          91,
          41,
          211,
          254,
          77,
          176,
          68,
          210,
          147,
          73,
          60,
          115,
          117,
          230,
          10,
          229,
          68,
          10,
          223,
          225,
          231
        ]
      },
      {
        "header_code": 144050,
        "amount": 1430000000,
        "spk_ty": "PubKeyHash"
      }
    ]
  ],
  [
    {
      "previous_output": "16f571f7c9d17de449f23e7dc7b42df123b540d2a49d9db30edcce5bbb60a60a:1",
      "script_sig": "483045022100a46eb9b12686efc014972460891d6f11cdc3cc19e79f9f9231bb6aff28dfbc8a022068071f60985290d2a63649783d4add128420ced21bec625134cbfafdb9d152e801410428365c31763c62ae8ff3627808e6ad550ab2b0a2846b6136be87a1a2cf49e35de2b42886ef4928d64f591f71407555fdd22cf615f92500e14c3ab40065393f10",
      "sequence": 4294967295,
      "witness": []
    },
    [
      {
        "Some": [
          188,
          218,
          223,
          124,
          61,
          49,
          202,
          237,
          112,
          17,
          143,
          83,
          221,
          171,
          132,
          92,
          253,
          152,
          153,
          63,
          40,
          164,
          7,
          120,
          218,
          162,
          54,
          83,
          199,
          189,
          148,
          85
        ]
      },
      {
        "header_code": 144070,
        "amount": 1385000000,
        "spk_ty": "PubKeyHash"
      }
    ]
  ],
  [
    {
      "previous_output": "0657cc6e10958db2971a40ff58b032193442f59a30d734f9e09684f4dbaba6b7:0",
      "script_sig": "483045022100a7c673b57d1d4bb1f14bd3982066b1fe6a7a067d17d4d600f6f2e2def1fc97760220209e832d05314eebd41f9c6c9924e5e0d000804ab60a1f676186a40e04e8ff4201410426491435c1654a9a6093248c2148e586ed2451508c3fae0dcfc3e5fa1d419b4d19fe0252adbe469ad016c01e123d9a76ff9096d9f85a0885318e34739fdd34a8",
      "sequence": 4294967295,
      "witness": []
    },
    [
      {
        "Some": [
          152,
          223,
          215,
          173,
          24,
          32,
          13,
          167,
          43,
          146,
          234,
          233,
          152,
          6,
          52,
          215,
          178,
          157,
          33,
          159,
          42,
          179,
          76,
          192,
          151,
          102,
          247,
          133,
          254,
          240,
          167,
          248
        ]
      },
      {
        "header_code": 144070,
        "amount": 1355000000,
        "spk_ty": "PubKeyHash"
      }
    ]
  ],
  [
    {
      "previous_output": "f1da766222643ba769cd2bcd5dc73d02df111e7e3d72b1e6332f799d2cfd0dc5:0",
      "script_sig": "473044022012783dc8cdbf901f964906e162978095ecd41220e0c212822de4bf118954a75802202b0a068fd6be9765fd86d15c28995ea838f9af76c34d279b8f9c40ccccf3c17401",
      "sequence": 4294967295,
      "witness": []
    },
    [
      {
        "Some": [
          203,
          4,
          229,
          173,
          72,
          249,
          31,
          74,
          128,
          44,
          233,
          8,
          39,
          187,
          79,
          175,
          141,
          210,
          61,
          174,
          99,
          3,
          223,
          168,
          93,
          134,
          114,
          254,
          6,
          238,
          6,
          255
        ]
      },
      {
        "header_code": 90935,
        "amount": 5000000000,
        "spk_ty": {
          "Other": [
            65,
            4,
            239,
            240,
            225,
            136,
            139,
            190,
            177,
            22,
            111,
            220,
            32,
            81,
            90,
            232,
            70,
            152,
            45,
            232,
            112,
            34,
            103,
            89,
            66,
            170,
            222,
            82,
            167,
            79,
            87,
            58,
            75,
            57,
            198,
            75,
            89,
            19,
            2,
            236,
            54,
            180,
            25,
            124,
            164,
            206,
            100,
            244,
            114,
            235,
            14,
            166,
            9,
            180,
            243,
            249,
            219,
            180,
            209,
            33,
            86,
            145,
            104,
            91,
            246,
            164,
            172
          ]
        }
      }
    ]
  ],
  [
    {
      "previous_output": "4eca09515778265c481c4433031afd8b7764a73557ca192d7eeb9ddc8b557147:0",
      "script_sig": "473044022040548193e30ed56615f317dc9c833729b5b25e16a33a5e3a90c2c2c5cc82a8490220566541c7cae1e32deba8b27206883ceafaf865a2391b813d2bfda84dfb67195f01",
      "sequence": 4294967295,
      "witness": []
    },
    [
      {
        "Some": [
          96,
          42,
          137,
          166,
          222,
          162,
          199,
          81,
          21,
          38,
          117,
          198,
          186,
          178,
          50,
          158,
          35,
          219,
          114,
          48,
          159,
          80,
          210,
          232,
          186,
          155,
          52,
          97,
          180,
          26,
          148,
          3
        ]
      },
      {
        "header_code": 91187,
        "amount": 5000000000,
        "spk_ty": {
          "Other": [
            65,
            4,
            20,
            106,
            233,
            216,
            80,
            239,
            30,
            229,
            156,
            179,
            232,
            72,
            3,
            162,
            144,
            178,
            113,
            230,
            73,
            133,
            124,
            39,
            34,
            41,
            92,
            86,
            60,
            139,
            160,
            94,
            104,
            213,
            157,
            47,
            141,
            195,
            15,
            49,
            48,
            240,
            83,
            202,
            87,
            131,
            17,
            32,
            87,
            209,
            88,
            226,
            239,
            127,
            66,
            12,
            87,
            203,
            234,
            149,
            20,
            26,
            173,
            7,
            253,
            70,
            172
          ]
        }
      }
    ]
  ],
  [
    {
      "previous_output": "04681a62beddd8e77ac46ae034c22d8367b317666f67bedad3b72175a91abbe4:0",
      "script_sig": "483045022100864223a11c01e8d5869154e924b5f90f9ff74327dc7787bfabecb63f54e20f8202201913bd0ac4736574be3778a1bf8da61df8f9bcfbb7410e215d42309969e3a9fb01",
      "sequence": 4294967295,
      "witness": []
    },
    [
      {
        "Some": [
          133,
          234,
          119,
          16,
          254,
          68,
          210,
          32,
          218,
          202,
          130,
          51,
          36,
          164,
          144,
          115,
          208,
          243,
          6,
          99,
          213,
          158,
          96,
          175,
          80,
          243,
          229,
          228,
          191,
          191,
          207,
          181
        ]
      },
      {
        "header_code": 97429,
        "amount": 5000000000,
        "spk_ty": {
          "Other": [
            65,
            4,
            200,
            247,
            14,
            98,
            51,
            72,
            224,
            136,
            5,
            118,
            58,
            253,
            34,
            140,
            143,
            196,
            86,
            189,
            106,
            133,
            212,
            174,
            6,
            30,
            183,
            18,
            125,
            88,
            108,
            224,
            186,
            136,
            31,
            161,
            82,
            70,
            93,
            121,
            91,
            96,
            14,
            4,
            188,
            178,
            101,
            188,
            243,
            55,
            17,
            168,
            162,
            27,
            39,
            69,
            168,
            153,
            244,
            248,
            247,
            65,
            159,
            111,
            1,
            159,
            172
          ]
        }
      }
    ]
  ],
  [
    {
      "previous_output": "d41ae065a00aa82816d5d77c6c5f6a89a4a4dd30106717979ba709b59b533898:0",
      "script_sig": "4730440220215e426ab5d21871e3e8e14c8a2cd0a0c658045ee9bb09a5375e9ff31713bc9c02201e41b1a99223166e405711bfe5686b229b4f60b95e28ba340a8bcb513073735601",
      "sequence": 4294967295,
      "witness": []
    },
    [
      {
        "Some": [
          4,
          114,
          201,
          191,
          39,
          193,
          173,
          206,
          50,
          155,
          48,
          210,
          253,
          33,
          29,
          127,
          33,
          171,
          228,
          106,
          23,
          40,
          221,
          241,
          93,
          61,
          249,
          62,
          244,
          255,
          129,
          174
        ]
      },
      {
        "header_code": 91213,
        "amount": 5000000000,
        "spk_ty": {
          "Other": [
            65,
            4,
            13,
            3,
            111,
            255,
            74,
            200,
            240,
            149,
            113,
            121,
            70,
            145,
            237,
            79,
            147,
            184,
            195,
            122,
            185,
            123,
            93,
            136,
            56,
            185,
            196,
            216,
            219,
            192,
            8,
            11,
            122,
            226,
            131,
            94,
            37,
            214,
            236,
            205,
            33,
            42,
            61,
            228,
            178,
            23,
            214,
            106,
            148,
            140,
            198,
            174,
            130,
            27,
            88,
            229,
            27,
            209,
            167,
            34,
            221,
            72,
            151,
            96,
            242,
            83,
            172
          ]
        }
      }
    ]
  ],
  [
    {
      "previous_output": "2353fa918718e8ae839bb997caebc0a8ed9ccb8ceb2fccc70c3cfd1da933ee23:0",
      "script_sig": "4930460221009e3d70ffe2a75699654395a34da0dc0b3afa8aeda1ae45faed22f721ae6428f3022100fc1261255fd5d7b650f21d83f332efde8f6757553c8700f275cb599df3b2643b01",
      "sequence": 4294967295,
      "witness": []
    },
    [
      {
        "Some": [
          201,
          82,
          16,
          149,
          49,
          37,
          14,
          112,
          101,
          154,
          43,
          251,
          219,
          142,
          36,
          232,
          175,
          24,
          42,
          12,
          210,
          87,
          71,
          140,
          210,
          226,
          49,
          1,
          81,
          117,
          133,
          32
        ]
      },
      {
        "header_code": 92455,
        "amount": 5000000000,
        "spk_ty": {
          "Other": [
            65,
            4,
            181,
            203,
            121,
            184,
            233,
            53,
            145,
            203,
            55,
            191,
            53,
            126,
            107,
            11,
            214,
            79,
            225,
            93,
            17,
            26,
            101,
            101,
            209,
            111,
            83,
            126,
            18,
            136,
            51,
            194,
            80,
            188,
            102,
            191,
            88,
            177,
            192,
            160,
            200,
            50,
            73,
            5,
            246,
            223,
            81,
            42,
            94,
            247,
            53,
            139,
            142,
            34,
            52,
            254,
            137,
            211,
            178,
            50,
            184,
            146,
            121,
            175,
            40,
            189,
            172
          ]
        }
      }
    ]
  ],
  [
    {
      "previous_output": "83c97484af667055d896cb693e349e3581cf6fadfa1921820b528e093013685e:0",
      "script_sig": "483045022077e2f3fc942f5ed38e7ee5b292e47c64f19c0dea75554842661da91396fc2220022100d0ac49b293f87cd155a95a3992ef1143763b74d0303f66f874474d444bb9dc3e014104bfca7897ebbd37d16e14cebffa60fbc6ab5119e5e65a2312d9e1341ac7ad05234a58b844b1551af797b1c92e4be4003cb0b17e1b173cf6550e3215446213ec81",
      "sequence": 4294967295,
      "witness": []
    },
    [
      {
        "Some": [
          53,
          7,
          82,
          177,
          12,
          93,
          37,
          247,
          188,
          112,
          8,
          129,
          109,
          50,
          138,
          96,
          103,
          77,
          36,
          199,
          63,
          235,
          149,
          101,
          21,
          243,
          117,
          61,
          143,
          109,
          88,
          12
        ]
      },
      {
        "header_code": 141436,
        "amount": 179000000,
        "spk_ty": "PubKeyHash"
      }
    ]
  ],
  [
    {
      "previous_output": "52daed357a2d2b3db114ff3eb69d101e4af4a212ba47756cd8d79aa76c6b65c7:0",
      "script_sig": "4930460221009c9b719b9bf1fbb465320cc8c5315501a707b4b99ee2d34e55942c12f2f112410221009cbd19dbc99609e1bf6f90f13d45c84b6fbec8193d7099bc30d187c79a88faa501",
      "sequence": 4294967295,
      "witness": []
    },
    [
      {
        "Some": [
          186,
          51,
          66,
          92,
          164,
          48,
          42,
          159,
          45,
          53,
          246,
          24,
          164,
          99,
          159,
          245,
          33,
          86,
          5,
          89,
          108,
          35,
          67,
          19,
          89,
          57,
          45,
          245,
          200,
          80,
          227,
          197
        ]
      },
      {
        "header_code": 88627,
        "amount": 5000000000,
        "spk_ty": {
          "Other": [
            65,
            4,
            239,
            216,
            70,
            143,
            98,
            238,
            138,
            185,
            244,
            254,
            9,
            48,
            40,
            22,
            21,
            96,
            103,
            237,
            38,
            102,
            246,
            108,
            24,
            12,
            111,
            171,
            140,
            122,
            123,
            160,
            181,
            112,
            228,
            170,
            199,
            15,
            135,
            74,
            48,
            7,
            156,
            70,
            192,
            2,
            47,
            150,
            220,
            215,
            141,
            65,
            169,
            231,
            176,
            200,
            0,
            155,
            146,
            13,
            223,
            65,
            245,
            96,
            195,
            25,
            172
          ]
        }
      }
    ]
  ],
  [
    {
      "previous_output": "c1dd536ea26e876ead7929c361a933ced87c54103fa063d3aead28ea78706aa3:0",
      "script_sig": "473044022025cb8ca68a88028cb3e6dd7b232585569f13e4e6ab2dd6e0fdc7770bc668acc70220539079687de650edfe58353753df6c85c28ef5cb44b51f375c263cfc1e4f7f770141049a94c2a2624a71be9411878b4452dd82ceace6d2a49cdd444b0a4b81952e99938f52aef1afbdce1092e015a1bda7a884c0eb57305142aad525076b18449ad992",
      "sequence": 4294967295,
      "witness": []
    },
    [
      {
        "Some": [
          203,
          216,
          60,
          113,
          188,
          105,
          214,
          184,
          15,
          147,
          81,
          122,
          98,
          12,
          172,
          63,
          57,
          193,
          219,
          157,
          184,
          38,
          163,
          38,
          135,
          2,
          248,
          60,
          53,
          201,
          29,
          154
        ]
      },
      {
        "header_code": 144070,
        "amount": 1395000000,
        "spk_ty": "PubKeyHash"
      }
    ]
  ],
  [
    {
      "previous_output": "1687da019c8b389421d78ca3e4a152c231d8e56fa0b5976b28f6d992613b148a:0",
      "script_sig": "483045022100b936b4fd5ffdba285bac08a4f76a5b922895cf8f58a725bb46d689603f16998702201ace157ce4f20e5ff55646b686a56255a99a2e61d2e4891b848728b009b8c13001",
      "sequence": 4294967295,
      "witness": []
    },
    [
      {
        "Some": [
          5,
          73,
          17,
          105,
          137,
          44,
          175,
          163,
          80,
          95,
          156,
          164,
          249,
          157,
          126,
          53,
          237,
          157,
          77,
          221,
          241,
          201,
          32,
          101,
          118,
          163,
          195,
          72,
          246,
          77,
          161,
          165
        ]
      },
      {
        "header_code": 87183,
        "amount": 5000000000,
        "spk_ty": {
          "Other": [
            65,
            4,
            67,
            205,
            71,
            65,
            226,
            150,
            204,
            79,
            219,
            242,
            69,
            219,
            37,
            159,
            74,
            185,
            19,
            133,
            142,
            88,
            89,
            166,
            158,
            110,
            224,
            242,
            15,
            48,
            29,
            104,
            208,
            247,
            225,
            35,
            160,
            194,
            5,
            65,
            194,
            213,
            245,
            103,
            170,
            197,
            112,
            50,
            169,
            125,
            98,
            29,
            121,
            163,
            186,
            154,
            96,
            111,
            76,
            66,
            222,
            41,
            114,
            22,
            46,
            205,
            172
          ]
        }
      }
    ]
  ],
  [
    {
      "previous_output": "83896871b4412b51d3d31ea48404330eb5885b5f2a63cea1c0b095b50c15b5c3:0",
      "script_sig": "493046022100b098608f0a2b2845a71e2484b8d1c4ee19ca7da7832a974acd0188e714ca36f4022100ec64010fb1c5a6a538b632af5c98c55631fbf750a41b587b1399a0ca885075ec01",
      "sequence": 4294967295,
      "witness": []
    },
    [
      {
        "Some": [
          152,
          228,
          115,
          155,
          197,
          91,
          25,
          100,
          161,
          37,
          33,
          24,
          2,
          64,
          84,
          233,
          10,
          169,
          65,
          199,
          85,
          123,
          48,
          69,
          222,
          207,
          182,
          98,
          208,
          96,
          61,
          165
        ]
      },
      {
        "header_code": 89539,
        "amount": 5000000000,
        "spk_ty": {
          "Other": [
            65,
            4,
            163,
            86,
            153,
            32,
            122,
            77,
            195,
            193,
            134,
            100,
            54,
            108,
            218,
            57,
            203,
            146,
            10,
            23,
            87,
            126,
            128,
            154,
            253,
            207,
            59,
            125,
            242,
            253,
            202,
            71,
            118,
            209,
            104,
            155,
            212,
            69,
            254,
            94,
            105,
            234,
            130,
            139,
            147,
            96,
            134,
            246,
            231,
            101,
            49,
            155,
            150,
            254,
            28,
            151,
            109,
            106,
            252,
            162,
            102,
            129,
            233,
            204,
            88,
            0,
            172
          ]
        }
      }
    ]
  ],
  [
    {
      "previous_output": "11248b58eb64d611d91c1383ea25080b13882220d0fe3b2ea3e420205bdf6267:0",
      "script_sig": "493046022100f659c4dffbc786516c18a6fad2aea89eed6173564b5b962a8fb139b18aa36209022100e145c67c4fe375fcbfae267b50ad1f660d0e028c37704db9b88542a48b21c46a01",
      "sequence": 4294967295,
      "witness": []
    },
    [
      {
        "Some": [
          46,
          113,
          252,
          75,
          207,
          227,
          166,
          129,
          62,
          8,
          230,
          123,
          249,
          62,
          132,
          28,
          174,
          23,
          247,
          211,
          197,
          47,
          1,
          152,
          250,
          196,
          175,
          172,
          79,
          240,
          157,
          205
        ]
      },
      {
        "header_code": 89401,
        "amount": 5000000000,
        "spk_ty": {
          "Other": [
            65,
            4,
            45,
            198,
            207,
            73,
            116,
            28,
            54,
            125,
            66,
            41,
            179,
            239,
            82,
            236,
            213,
            111,
            33,
            172,
            8,
            20,
            245,
            253,
            191,
            130,
            193,
            215,
            215,
            40,
            6,
            216,
            89,
            98,
            79,
            112,
            6,
            90,
            20,
            131,
            122,
            236,
            96,
            19,
            68,
            78,
            52,
            172,
            102,
            16,
            160,
            24,
            173,
            160,
            128,
            60,
            157,
            60,
            0,
            142,
            227,
            107,
            57,
            173,
            2,
            136,
            172
          ]
        }
      }
    ]
  ],
  [
    {
      "previous_output": "806686dac46d70f743ae68a84c4b66b4225ed2d4ecd6c99838f22fe5bf299f65:0",
      "script_sig": "483045022011c9d7bb1e5ea096789afec8e00806117613fcd94a1acd00a008d8271eb75230022100e7420f1dba475274db028cff8efc811afc90845399952856db8be9ef5d24a68101",
      "sequence": 4294967295,
      "witness": []
    },
    [
      {
        "Some": [
          146,
          55,
          200,
          72,
          102,
          57,
          213,
          79,
          97,
          233,
          67,
          141,
          82,
          48,
          108,
          32,
          36,
          130,
          160,
          107,
          231,
          145,
          43,
          63,
          77,
          56,
          190,
          192,
          197,
          248,
          101,
          148
        ]
      },
      {
        "header_code": 88725,
        "amount": 5000000000,
        "spk_ty": {
          "Other": [
            65,
            4,
            51,
            33,
            204,
            34,
            157,
            228,
            218,
            188,
            47,
            6,
            151,
            253,
            106,
            151,
            161,
            119,
            105,
            117,
            22,
            98,
            161,
            197,
            150,
            217,
            6,
            165,
            93,
            156,
            232,
            202,
            214,
            223,
            133,
            133,
            0,
            107,
            224,
            49,
            226,
            76,
            1,
            78,
            133,
            21,
            68,
            119,
            241,
            116,
            105,
            48,
            148,
            35,
            203,
            112,
            228,
            202,
            103,
            239,
            92,
            136,
            42,
            53,
            137,
            184,
            172
          ]
        }
      }
    ]
  ],
  [
    {
      "previous_output": "38ae9adf5bfc6a57db63d7e99bbadbac825cc089b0df87d881fc2ed5b8eb7d21:0",
      "script_sig": "47304402207cf732456d281bb5663e375b027df1a3ab3686f30b4c693c3d700621c3ba308b02202e173444e586ec9864a582743c1370d47700fc2a7c2f1d28a320611fed2da46a01",
      "sequence": 4294967295,
      "witness": []
    },
    [
      {
        "Some": [
          137,
          31,
          211,
          182,
          243,
          133,
          94,
          181,
          51,
          89,
          40,
          126,
          166,
          248,
          21,
          18,
          200,
          62,
          3,
          40,
          114,
          164,
          118,
          12,
          219,
          176,
          217,
          12,
          179,
          113,
          47,
          197
        ]
      },
      {
        "header_code": 93181,
        "amount": 5000000000,
        "spk_ty": {
          "Other": [
            65,
            4,
            153,
            163,
            218,
            212,
            8,
            96,
            54,
            199,
            59,
            146,
            70,
            163,
            210,
            138,
            160,
            175,
            55,
            100,
            200,
            22,
            56,
            170,
            167,
            223,
            20,
            60,
            190,
            88,
            43,
            103,
            57,
            209,
            177,
            22,
            140,
            149,
            177,
            62,
            122,
            135,
            44,
            227,
            86,
            39,
            206,
            92,
            85,
            115,
            166,
            170,
            73,
            97,
            214,
            125,
            50,
            247,
            90,
            218,
            59,
            105,
            17,
            131,
            100,
            58,
            172
          ]
        }
      }
    ]
  ],
  [
    {
      "previous_output": "1bb44da126acf45f8300f74630a997909334a0e13ceef72900600d47a1d90da4:0",
      "script_sig": "483045022040c8382aad13afdd32acc7b60a9934d62121b1ed60c69082c419f452844fd6c1022100ef6f0ac8bb9cf7918e61d570e6e261413e9d804d7bc3f7a0c92522a3360ac26901",
      "sequence": 4294967295,
      "witness": []
    },
    [
      {
        "Some": [
          64,
          95,
          199,
          150,
          133,
          252,
          222,
          149,
          137,
          216,
          138,
          115,
          143,
          94,
          114,
          244,
          86,
          14,
          102,
          63,
          228,
          161,
          250,
          208,
          0,
          61,
          92,
          109,
          144,
          211,
          208,
          9
        ]
      },
      {
        "header_code": 88877,
        "amount": 5000000000,
        "spk_ty": {
          "Other": [
            65,
            4,
            163,
            139,
            251,
            80,
            17,
            36,
            207,
            77,
            107,
            160,
            35,
            188,
            202,
            184,
            216,
            13,
            95,
            236,
            171,
            128,
            248,
            86,
            37,
            181,
            131,
            183,
            187,
            4,
            104,
            133,
            15,
            141,
            41,
            188,
            232,
            123,
            167,
            159,
            188,
            207,
            181,
            111,
            63,
            137,
            145,
            145,
            142,
            28,
            199,
            118,
            131,
            195,
            212,
            215,
            237,
            27,
            136,
            94,
            196,
            152,
            190,
            70,
            125,
            34,
            172
          ]
        }
      }
    ]
  ],
  [
    {
      "previous_output": "33174057075227617bb60549ce1dc1f08836e5fcc7dc18259cd2c53c73882e43:0",
      "script_sig": "4730440220536cd32c51735cd608746a87cc6cda15e97db22c7327d6d1e6b4a95582a0a929022021aae5ae0f20ee3beed216521e62428b805c075a415e8254ec14000f932e506e01",
      "sequence": 4294967295,
      "witness": []
    },
    [
      {
        "Some": [
          7,
          5,
          240,
          111,
          143,
          46,
          205,
          82,
          137,
          158,
          56,
          191,
          239,
          225,
          105,
          107,
          141,
          36,
          209,
          212,
          168,
          78,
          151,
          79,
          43,
          7,
          206,
          234,
          177,
          1,
          224,
          17
        ]
      },
      {
        "header_code": 95241,
        "amount": 5000000000,
        "spk_ty": {
          "Other": [
            65,
            4,
            213,
            133,
            169,
            57,
            214,
            216,
            50,
            222,
            68,
            227,
            158,
            102,
            195,
            173,
            24,
            85,
            233,
            229,
            244,
            207,
            161,
            242,
            7,
            227,
            99,
            207,
            179,
            121,
            46,
            141,
            200,
            73,
            3,
            16,
            9,
            127,
            69,
            176,
            33,
            65,
            180,
            218,
            208,
            136,
            182,
            29,
            205,
            78,
            191,
            128,
            187,
            202,
            172,
            220,
            197,
            41,
            92,
            58,
            180,
            48,
            115,
            28,
            12,
            77,
            172
          ]
        }
      }
    ]
  ],
  [
    {
      "previous_output": "b99270ba448c18540966086fb636d688e4ad8d7f06c865acf3df2d100ab3f828:0",
      "script_sig": "4830450221009dd5e5ed32b387b3c76b7188ee0054a52705d53d23c3c063f64fe60fb5a815a10220413bfe55c12592ff566b47c035e85beebca8ed0637d0ba509ab7b5254438e5b701",
      "sequence": 4294967295,
      "witness": []
    },
    [
      {
        "Some": [
          206,
          170,
          37,
          124,
          40,
          212,
          210,
          149,
          229,
          67,
          59,
          154,
          153,
          233,
          19,
          169,
          116,
          225,
          37,
          99,
          75,
          156,
          191,
          233,
          192,
          103,
          103,
          53,
          7,
          34,
          190,
          30
        ]
      },
      {
        "header_code": 87487,
        "amount": 5000000000,
        "spk_ty": {
          "Other": [
            65,
            4,
            6,
            12,
            208,
            102,
            106,
            77,
            164,
            74,
            84,
            12,
            241,
            202,
            167,
            232,
            58,
            178,
            105,
            121,
            58,
            189,
            181,
            128,
            132,
            95,
            20,
            84,
            77,
            226,
            207,
            197,
            219,
            145,
            42,
            252,
            176,
            81,
            204,
            47,
            147,
            165,
            206,
            244,
            41,
            204,
            175,
            5,
            117,
            36,
            104,
            210,
            251,
            136,
            16,
            98,
            74,
            118,
            110,
            51,
            210,
            15,
            250,
            122,
            172,
            207,
            172
          ]
        }
      }
    ]
  ],
  [
    {
      "previous_output": "fd966f5e897fce65233e3f314422c2e430456efaa74a4c2de031a9b3de13b0c2:0",
      "script_sig": "483045022059977c80dff5449ea15281052ced9cbf5168c0ee139f979f6247daee1d13ca660221009bb1c467b3672d7707d13cb35845d3526f723402919303060581345426c48ad901",
      "sequence": 4294967295,
      "witness": []
    },
    [
      {
        "Some": [
          200,
          25,
          18,
          105,
          190,
          198,
          25,
          16,
          152,
          152,
          2,
          112,
          70,
          94,
          158,
          75,
          228,
          130,
          52,
          222,
          68,
          56,
          63,
          172,
          246,
          55,
          250,
          200,
          59,
          140,
          191,
          11
        ]
      },
      {
        "header_code": 88033,
        "amount": 5000000000,
        "spk_ty": {
          "Other": [
            65,
            4,
            201,
            227,
            251,
            214,
            105,
            79,
            194,
            185,
            204,
            135,
            36,
            41,
            136,
            62,
            174,
            165,
            176,
            119,
            254,
            171,
            230,
            180,
            176,
            127,
            102,
            113,
            173,
            69,
            106,
            63,
            179,
            204,
            156,
            125,
            112,
            74,
            109,
            32,
            150,
            18,
            108,
            212,
            172,
            176,
            36,
            27,
            240,
            40,
            123,
            207,
            66,
            75,
            132,
            49,
            229,
            97,
            9,
            134,
            198,
            81,
            22,
            171,
            117,
            240,
            172
          ]
        }
      }
    ]
  ],
  [
    {
      "previous_output": "780461e16871ea3b50ad84d44ac0756d88a4aeff9d03519740506b23fda8e8db:0",
      "script_sig": "48304502202bf911a8efb547572d7715c624790f3e3509cc96877578c08b7cd99c212de4df0221009ed2460bd94d82cb2a9d3b34609debfa08cf673866d8445f2da49717cc8d92ab01410423a0e0771d033d99d58ac9c1aaf4081e0e38a535087a6ff94a4d8a7ac660b5230becd50ddc639dd37cad88c85d960c9b89acc4ef3e034aeacecc7397e060e337",
      "sequence": 4294967295,
      "witness": []
    },
    [
      {
        "Some": [
          216,
          202,
          30,
          18,
          7,
          160,
          215,
          104,
          157,
          142,
          142,
          136,
          102,
          191,
          143,
          104,
          216,
          0,
          218,
          46,
          201,
          134,
          74,
          55,
          186,
          71,
          96,
          220,
          198,
          147,
          74,
          213
        ]
      },
      {
        "header_code": 144070,
        "amount": 1415000000,
        "spk_ty": "PubKeyHash"
      }
    ]
  ],
  [
    {
      "previous_output": "69a28e17f3d729256b7c98e1b97e08728f8cd1910582a261233059303eb35c7a:0",
      "script_sig": "4930460221008c239546c4d9c3084e5993858b25ed8e0c0071be8bed8b59509ac3c825d242db022100be9bbfeafafd10fa8b27dc107421dac017aab12b5df9fd177e9b7357da018be101",
      "sequence": 4294967295,
      "witness": []
    },
    [
      {
        "Some": [
          165,
          248,
          1,
          20,
          222,
          19,
          10,
          19,
          35,
          58,
          234,
          124,
          224,
          12,
          37,
          106,
          107,
          78,
          71,
          18,
          80,
          138,
          185,
          76,
          108,
          17,
          58,
          178,
          119,
          9,
          64,
          205
        ]
      },
      {
        "header_code": 88021,
        "amount": 5000000000,
        "spk_ty": {
          "Other": [
            65,
            4,
            192,
            181,
            114,
            88,
            11,
            24,
            58,
            91,
            149,
            105,
            90,
            123,
            18,
            190,
            75,
            183,
            91,
            27,
            121,
            50,
            45,
            171,
            115,
            87,
            177,
            79,
            171,
            197,
            29,
            103,
            220,
            87,
            158,
            81,
            128,
            49,
            165,
            95,
            182,
            177,
            101,
            125,
            196,
            148,
            166,
            114,
            92,
            108,
            6,
            104,
            87,
            143,
            231,
            230,
            106,
            88,
            89,
            84,
            239,
            65,
            165,
            134,
            28,
            215,
            172
          ]
        }
      }
    ]
  ],
  [
    {
      "previous_output": "9de7864300e50a10a2164a68bbffa7bafb84b169804c0a5d0667fcee06899704:0",
      "script_sig": "48304502207e95241d48539b0358665002ba907a5efa5e13f4590ab0b08d32778821179739022100a3fefedbaa1cf4640d4f2e5ce7e58af1638c158f03a08d644a4f87f8de5da00201410404463a2d9563abce1cfff91c725264831b0b20c2ee433f052fe4eec6f559c011729617e44b0cc8d6069c42be4ac3a5e802b572bd21f35475d29aa6a9ae8a5b7e",
      "sequence": 4294967295,
      "witness": []
    },
    [
      {
        "Some": [
          195,
          50,
          202,
          51,
          75,
          154,
          142,
          5,
          21,
          18,
          9,
          235,
          54,
          168,
          19,
          231,
          80,
          135,
          136,
          32,
          82,
          211,
          42,
          247,
          116,
          25,
          24,
          58,
          164,
          30,
          255,
          166
        ]
      },
      {
        "header_code": 144070,
        "amount": 1380000000,
        "spk_ty": "PubKeyHash"
      }
    ]
  ],
  [
    {
      "previous_output": "fba5917db2ab4514af74d0cb428bef273236985c58f0544e6712e4284db84454:0",
      "script_sig": "483045022100f9e40ce8d02d922e820b8bbe6818ee6540141c10d840355cd099e2e90ef9c599022062f6c988c1bcbc77e50b13c54616b5fc65d51fb22e13f35d0606821eb763f87101410400f52ab5399917052640b4712df4fa9e0a9599322f562b39f3ac56b7b9286937b4438d7ec0c13affb197e69e8a0c0406ee0ccd23a11782383997ed08a0991452",
      "sequence": 4294967295,
      "witness": []
    },
    [
      {
        "Some": [
          31,
          197,
          95,
          66,
          185,
          248,
          176,
          225,
          191,
          143,
          176,
          30,
          224,
          36,
          160,
          163,
          26,
          5,
          20,
          60,
          190,
          243,
          50,
          54,
          51,
          16,
          119,
          117,
          212,
          51,
          85,
          37
        ]
      },
      {
        "header_code": 141438,
        "amount": 179000000,
        "spk_ty": "PubKeyHash"
      }
    ]
  ],
  [
    {
      "previous_output": "e8425801ede0b1230b9fcaf94d89461686123ab56d921f95464c4599ac404db0:0",
      "script_sig": "47304402206ce1982df8e3194e30b893d758db53087e5193414bfb005e144577ab6ba5873d022046da0fe34bd4ad3086b715e0967c7dee2a6f4d839a2abad950ec452f2a34483c01",
      "sequence": 4294967295,
      "witness": []
    },
    [
      {
        "Some": [
          76,
          189,
          146,
          170,
          7,
          169,
          244,
          13,
          68,
          34,
          74,
          125,
          91,
          24,
          80,
          61,
          215,
          156,
          58,
          239,
          251,
          195,
          60,
          116,
          143,
          82,
          83,
          41,
          48,
          251,
          82,
          170
        ]
      },
      {
        "header_code": 97511,
        "amount": 5000000000,
        "spk_ty": {
          "Other": [
            65,
            4,
            87,
            94,
            31,
            127,
            49,
            45,
            237,
            207,
            190,
            245,
            82,
            48,
            96,
            4,
            137,
            99,
            189,
            220,
            16,
            227,
            162,
            212,
            122,
            82,
            41,
            14,
            105,
            248,
            41,
            253,
            165,
            115,
            180,
            206,
            83,
            151,
            247,
            148,
            154,
            159,
            0,
            230,
            33,
            183,
            191,
            142,
            168,
            155,
            220,
            216,
            35,
            89,
            38,
            149,
            59,
            44,
            105,
            197,
            31,
            4,
            154,
            168,
            159,
            227,
            172
          ]
        }
      }
    ]
  ],
  [
    {
      "previous_output": "7c0ffc9c05463537ca501bd26f1cc018d24e8ff5fc54ca11e3e3309e901a486f:1",
      "script_sig": "483045022054a670c710b236f6f683b57ac74e6b47ed8fec234b889cd8965e30fa8163faac022100931ee8ed6d9acadb1c1a32b9bc5bda74a6464b0a0acad24d24e271502120e6b6014104aaaebc5bf76fbc2d76517bcfa381fa43a1b803e1b0001d3caa09e7c61c5670410265fac2879d48210d641bf01a4fa08db875162b35a05fa651183654f4fc09ce",
      "sequence": 4294967295,
      "witness": []
    },
    [
      {
        "Some": [
          89,
          29,
          150,
          165,
          0,
          229,
          245,
          8,
          83,
          90,
          64,
          87,
          232,
          100,
          107,
          173,
          196,
          200,
          76,
          135,
          111,
          42,
          2,
          235,
          153,
          24,
          41,
          154,
          55,
          174,
          147,
          94
        ]
      },
      {
        "header_code": 144070,
        "amount": 1425000000,
        "spk_ty": "PubKeyHash"
      }
    ]
  ],
  [
    {
      "previous_output": "8224ca39ac28a925250d3497b674a043c35293d0da2ba9b473beafce47c2786f:0",
      "script_sig": "48304502210097e5aa7fc445420f78aa96c8c946e7974964177362dc71b8bea7d02e4c35f7ca02203af67b3e233bfdd0c16af6db8115d17bfaec47d634fd4a25f7527eaacb08fb5001",
      "sequence": 4294967295,
      "witness": []
    },
    [
      {
        "Some": [
          215,
          55,
          47,
          142,
          105,
          243,
          179,
          174,
          222,
          114,
          208,
          88,
          126,
          81,
          121,
          40,
          101,
          165,
          177,
          35,
          27,
          220,
          95,
          165,
          43,
          145,
          182,
          54,
          2,
          109,
          72,
          125
        ]
      },
      {
        "header_code": 108023,
        "amount": 5000000000,
        "spk_ty": {
          "Other": [
            65,
            4,
            120,
            184,
            35,
            25,
            203,
            122,
            240,
            148,
            75,
            88,
            66,
            25,
            248,
            189,
            250,
            119,
            155,
            108,
            57,
            172,
            143,
            137,
            16,
            90,
            226,
            36,
            150,
            102,
            186,
            57,
            251,
            217,
            104,
            219,
            21,
            14,
            190,
            97,
            204,
            14,
            39,
            122,
            70,
            208,
            207,
            93,
            221,
            19,
            34,
            146,
            183,
            18,
            210,
            218,
            196,
            234,
            34,
            250,
            80,
            1,
            42,
            159,
            112,
            10,
            172
          ]
        }
      }
    ]
  ],
  [
    {
      "previous_output": "682a366f0192850a19a07a36b57a9929fe47ffbeedf9668a53d321c7c23e06e6:0",
      "script_sig": "483045022100c18b052a47068634d330020ff3099994a3b0af721c8356bc231e1393cbb358fb02201e2f1bd6239e0e965b9cb249909ec45bf0021bce4302b726f71266fea459ef4801",
      "sequence": 4294967295,
      "witness": []
    },
    [
      {
        "Some": [
          28,
          115,
          239,
          110,
          109,
          177,
          188,
          221,
          36,
          251,
          226,
          160,
          88,
          101,
          10,
          172,
          230,
          82,
          237,
          156,
          140,
          255,
          232,
          31,
          107,
          223,
          109,
          184,
          245,
          159,
          141,
          77
        ]
      },
      {
        "header_code": 92599,
        "amount": 5000000000,
        "spk_ty": {
          "Other": [
            65,
            4,
            41,
            245,
            187,
            30,
            63,
            219,
            112,
            81,
            234,
            91,
            191,
            71,
            62,
            148,
            116,
            92,
            41,
            48,
            87,
            43,
            36,
            22,
            5,
            219,
            203,
            92,
            17,
            50,
            250,
            7,
            151,
            181,
            170,
            46,
            212,
            42,
            38,
            106,
            4,
            59,
            225,
            137,
            3,
            19,
            212,
            11,
            172,
            52,
            122,
            255,
            238,
            37,
            153,
            216,
            49,
            254,
            19,
            94,
            162,
            18,
            138,
            3,
            141,
            105,
            172
          ]
        }
      }
    ]
  ],
  [
    {
      "previous_output": "8c2b6b318cb406642a0ae9710254a3897f158a9d378fc4f45d30f0833f1db067:0",
      "script_sig": "493046022100d14c6d24cb3085231f356d1659f0398645379aa8c124c4dbff571ebce664e8d502210085e91ebde9326f91d44edde6381d7cc16edc23d8456e305aa5f3d1f724ca99580141041c652ae58694dfe244228823b62f4ec8af2e0424200315fd444f1bb6e71ac68edfa87b65071dc5eea00cab980f2f015fa6656576670f043e336e64577ddc930e",
      "sequence": 4294967295,
      "witness": []
    },
    [
      {
        "Some": [
          67,
          231,
          90,
          238,
          245,
          178,
          177,
          174,
          111,
          90,
          251,
          155,
          112,
          87,
          84,
          38,
          114,
          20,
          207,
          122,
          121,
          95,
          146,
          253,
          165,
          95,
          131,
          222,
          137,
          146,
          117,
          109
        ]
      },
      {
        "header_code": 144070,
        "amount": 1370000000,
        "spk_ty": "PubKeyHash"
      }
    ]
  ],
  [
    {
      "previous_output": "ff659989c948383e7292bb35483f35e6f8f3c025c4c11c1e52cfad1167b4b064:0",
      "script_sig": "483045022100a278557540c6ec4f6138103be3a6130b64dd203f3ad1a9608bdcd70acec169bf022014abfd6ecffa2a459f0841dae6dd487e6816bc846b5b8d2d445cee2c6634763401",
      "sequence": 4294967295,
      "witness": []
    },
    [
      {
        "Some": [
          21,
          163,
          182,
          87,
          249,
          98,
          118,
          199,
          143,
          184,
          148,
          197,
          24,
          244,
          168,
          84,
          132,
          145,
          66,
          147,
          43,
          106,
          225,
          220,
          5,
          28,
          173,
          7,
          148,
          226,
          101,
          61
        ]
      },
      {
        "header_code": 90833,
        "amount": 5000000000,
        "spk_ty": {
          "Other": [
            65,
            4,
            215,
            43,
            7,
            82,
            157,
            32,
            111,
            223,
            86,
            201,
            145,
            157,
            83,
            121,
            244,
            90,
            193,
            45,
            213,
            248,
            132,
            116,
            149,
            215,
            211,
            122,
            64,
            110,
            86,
            229,
            108,
            173,
            111,
            1,
            99,
            24,
            56,
            73,
            12,
            245,
            3,
            17,
            141,
            215,
            194,
            100,
            158,
            32,
            43,
            19,
            73,
            233,
            213,
            238,
            119,
            71,
            172,
            28,
            210,
            167,
            200,
            98,
            26,
            34,
            172
          ]
        }
      }
    ]
  ],
  [
    {
      "previous_output": "d9a0fe294fbe97f2dfac06040efb35fbfb6eac03862729366ee32f904ef9316c:1",
      "script_sig": "483045022060b72f5396ed1948fd36ac0805f9add7ec4c743dbea3929dde6e427acb02bdbb022100cee0903750c9936f17d1b9fe526d4f6e98db413d79ee003e1ef388c1f55e4bda0141046522c6ac09cfac145653c4a65b5f42b5a8041ddcdd9bde28ac2098175566d053f24c942aa31c8b76fa347c0358ebbdf9910fbcb034bfbde1d103ae387ac8c24b",
      "sequence": 4294967295,
      "witness": []
    },
    [
      {
        "Some": [
          63,
          40,
          175,
          135,
          36,
          95,
          235,
          38,
          198,
          198,
          235,
          92,
          242,
          70,
          60,
          72,
          78,
          207,
          2,
          23,
          27,
          56,
          96,
          254,
          34,
          218,
          109,
          87,
          119,
          116,
          136,
          137
        ]
      },
      {
        "header_code": 144070,
        "amount": 1410000000,
        "spk_ty": "PubKeyHash"
      }
    ]
  ],
  [
    {
      "previous_output": "bc7fb323407fb0e8ba77b9d1983488f3239a32596e04dc28c85e9f9f432b5652:1",
      "script_sig": "47304402203c322a5945be8b2f86a6ea1fe8bb5e0ac417fc72b7aeb543ce4bc5fb57ffb35202205c59eb0868ed68d63eae224a218ce9241de88f703e6f971d7deacca3bfe6dbc0014104156fcc2ca4df822ffc50f60c1f2699bc1f97793a9b96c613a2073f98efb4d6fd805ff14c91f205745fb06438bf902a49a404ccb81375dfe21d8c78ac0f962a2d",
      "sequence": 4294967295,
      "witness": []
    },
    [
      {
        "Some": [
          101,
          242,
          54,
          124,
          44,
          133,
          190,
          170,
          145,
          214,
          209,
          207,
          157,
          173,
          57,
          214,
          160,
          223,
          70,
          186,
          82,
          217,
          138,
          196,
          16,
          104,
          59,
          67,
          157,
          87,
          80,
          45
        ]
      },
      {
        "header_code": 144070,
        "amount": 1350000000,
        "spk_ty": "PubKeyHash"
      }
    ]
  ],
  [
    {
      "previous_output": "d8d25a8d4a6c1521afad3cd453fb641d44c6eab4c5371ee0bf7825a712153a9d:1",
      "script_sig": "483045022100817d4395c9ad8ec9e3e5ee2b49c406341b0bcf0be3b32cb1ffcc93962a85863c02205c4188c82783970d1da50703422f6a3643d0d60f8ad702a2698f776f08b0b875014104b7880b96a4954cc42c6cd0c449d4a17ac5f4c17bd8d4862f09dd9911c9731f3724770408ba6351fabb8da534df6681f46fa1c1b7639b0b18b20b84d065a5f0dd",
      "sequence": 4294967295,
      "witness": []
    },
    [
      {
        "Some": [
          20,
          142,
          135,
          67,
          136,
          3,
          116,
          155,
          15,
          138,
          32,
          32,
          254,
          13,
          47,
          97,
          149,
          222,
          100,
          145,
          120,
          240,
          34,
          190,
          191,
          240,
          233,
          73,
          122,
          9,
          235,
          103
        ]
      },
      {
        "header_code": 144070,
        "amount": 1390000000,
        "spk_ty": "PubKeyHash"
      }
    ]
  ],
  [
    {
      "previous_output": "10fbf4b80b2c4bcef11e9e688a66ba4f9da8b00865fe9ef400cc5ac6d33b92ab:0",
      "script_sig": "47304402207929ddcde2c1b774d01e6e2bd3d3c84221974226f60389eff4a57ac1a00ad59b022048caf75ce329fc7c7eb6b1143e9983088ee41006a57b193b21b3a5ca0432aa8701410418844b8937c1eb96645745df3446476f34716801f691f0160726a9aafac173a2925bc817a5b503e856383cd4b83ab32a40cba0be6b35f5ee1616c40fd949909d",
      "sequence": 4294967295,
      "witness": []
    },
    [
      {
        "Some": [
          57,
          151,
          129,
          23,
          162,
          205,
          172,
          26,
          123,
          191,
          10,
          102,
          236,
          49,
          197,
          182,
          0,
          228,
          91,
          31,
          194,
          88,
          166,
          77,
          28,
          50,
          1,
          118,
          152,
          28,
          246,
          235
        ]
      },
      {
        "header_code": 141438,
        "amount": 179000000,
        "spk_ty": "PubKeyHash"
      }
    ]
  ],
  [
    {
      "previous_output": "446d690f8f6a33b30acc19ed12aebc34f506e8d9ebdcf1cc8c326637e922d893:0",
      "script_sig": "483045022057b228414c76ee3a2bb25de71e7df4a78a6801c97795af6b6ca5ba5a489dfda4022100c9f5f574c0233928faa00c24ae9c533cad6774ac8215a505b7148595489178df01",
      "sequence": 4294967295,
      "witness": []
    },
    [
      {
        "Some": [
          252,
          226,
          228,
          61,
          155,
          66,
          145,
          166,
          65,
          130,
          32,
          184,
          97,
          210,
          92,
          27,
          11,
          87,
          5,
          125,
          165,
          37,
          154,
          251,
          247,
          235,
          194,
          81,
          133,
          4,
          182,
          241
        ]
      },
      {
        "header_code": 91011,
        "amount": 5000000000,
        "spk_ty": {
          "Other": [
            65,
            4,
            18,
            27,
            71,
            38,
            176,
            143,
            113,
            210,
            49,
            187,
            209,
            223,
            9,
            92,
            195,
            59,
            149,
            118,
            25,
            95,
            211,
            64,
            9,
            140,
            65,
            165,
            28,
            62,
            3,
            136,
            130,
            204,
            6,
            27,
            0,
            19,
            157,
            114,
            37,
            245,
            85,
            156,
            214,
            72,
            199,
            227,
            57,
            126,
            148,
            61,
            22,
            186,
            247,
            145,
            12,
            113,
            64,
            211,
            238,
            158,
            66,
            237,
            178,
            80,
            172
          ]
        }
      }
    ]
  ],
  [
    {
      "previous_output": "2657e4db09d9da6f8b0e1259b35e3fda2246f7e2528e85be2f6ddaf9285720d7:1",
      "script_sig": "493046022100d4ad7d76bf06a7a3ba9d081a7b4c3f752b43700fcd604b2f21c84f46cbb380aa022100ae12c95e82827f10b2356650d92187e605be7a904135fd238089d88a3c0fcddf0141045aa7a4123f0248854a4ea7d2719751720ca7ec5fc7d7eded9c32046dc8aeb692f43f3e5fc410d1a768f2f8d56d05d7d5e86f0f8c4a5046d925af68437e2a7586",
      "sequence": 4294967295,
      "witness": []
    },
    [
      {
        "Some": [
          67,
          44,
          118,
          64,
          241,
          185,
          182,
          112,
          5,
          184,
          173,
          206,
          217,
          5,
          8,
          46,
          57,
          62,
          13,
          190,
          146,
          180,
          104,
          66,
          8,
          206,
          96,
          139,
          224,
          11,
          114,
          184
        ]
      },
      {
        "header_code": 143950,
        "amount": 29000000000,
        "spk_ty": "PubKeyHash"
      }
    ]
  ],
  [
    {
      "previous_output": "9ba8ef0593bb478ecab898dfd5dbfd735200447eaef3768f1505ada87927d641:0",
      "script_sig": "493046022100fd617f828a00fcd1bed905f68ce6cc0f51e146511b8b49fbe13234e391f20b4d022100e205b3426fbfec6defc880893dfd2e33bb72a32553913232911db265080f601a01",
      "sequence": 4294967295,
      "witness": []
    },
    [
      {
        "Some": [
          53,
          64,
          141,
          26,
          29,
          173,
          25,
          99,
          143,
          132,
          182,
          158,
          145,
          248,
          89,
          131,
          25,
          154,
          146,
          21,
          97,
          1,
          156,
          178,
          66,
          229,
          92,
          70,
          5,
          118,
          118,
          1
        ]
      },
      {
        "header_code": 91927,
        "amount": 5000000000,
        "spk_ty": {
          "Other": [
            65,
            4,
            150,
            168,
            67,
            115,
            59,
            198,
            148,
            243,
            177,
            155,
            60,
            233,
            151,
            163,
            28,
            77,
            132,
            178,
            67,
            170,
            103,
            246,
            18,
            126,
            55,
            218,
            158,
            174,
            247,
            10,
            185,
            152,
            32,
            138,
            119,
            173,
            255,
            11,
            47,
            55,
            88,
            125,
            216,
            5,
            11,
            248,
            150,
            253,
            73,
            196,
            254,
            175,
            74,
            64,
            122,
            71,
            40,
            110,
            120,
            73,
            209,
            123,
            4,
            29,
            172
          ]
        }
      }
    ]
  ],
  [
    {
      "previous_output": "22362b304d4a710a6ba2143050f439c5aec216701410931c8008ecd3c543b118:0",
      "script_sig": "483045022100ec457c724a61713c9574e0076fceb501fe200984d483a8603e535d76b0869f9202204f1f474b5d8689390f3ce9a396e957f0d10733e89540ec87f1984530b02a3a8e0141042f413361f9757e84760cd68cfa69045969f950983a6d2353a35d8264e9c7fcfdcb7652ba6a41d3f356b4a5a3847e11404b372f9a0f80d3a62dbe8e7ced29cc8e",
      "sequence": 4294967295,
      "witness": []
    },
    [
      {
        "Some": [
          200,
          174,
          217,
          90,
          210,
          75,
          153,
          110,
          111,
          134,
          101,
          172,
          218,
          57,
          26,
          102,
          121,
          123,
          191,
          166,
          104,
          150,
          251,
          209,
          93,
          125,
          63,
          160,
          197,
          127,
          15,
          128
        ]
      },
      {
        "header_code": 141438,
        "amount": 179000000,
        "spk_ty": "PubKeyHash"
      }
    ]
  ],
  [
    {
      "previous_output": "e77cfe86d2e0c0b68ab300c483f4a996c6f90b4264a2df13a89f170316f0661c:0",
      "script_sig": "4830450221009871596edfbd35618aaf07ed8516788ff8640fc91e804e661a22234ca0a8a89902204bb3dd0383807ea2bf144f8325d9956bdd8b7ed059880eaca266208ce9d242a001",
      "sequence": 4294967295,
      "witness": []
    },
    [
      {
        "Some": [
          133,
          96,
          255,
          117,
          129,
          184,
          157,
          225,
          155,
          109,
          103,
          130,
          11,
          139,
          231,
          210,
          229,
          148,
          209,
          82,
          221,
          92,
          47,
          185,
          98,
          60,
          31,
          211,
          65,
          55,
          6,
          181
        ]
      },
      {
        "header_code": 90627,
        "amount": 5000000000,
        "spk_ty": {
          "Other": [
            65,
            4,
            183,
            235,
            220,
            99,
            236,
            71,
            127,
            206,
            208,
            223,
            223,
            22,
            61,
            154,
            197,
            51,
            157,
            79,
            116,
            240,
            168,
            56,
            36,
            253,
            178,
            136,
            229,
            162,
            142,
            79,
            136,
            87,
            242,
            115,
            17,
            20,
            125,
            187,
            59,
            14,
            110,
            86,
            224,
            55,
            188,
            130,
            89,
            102,
            140,
            12,
            241,
            62,
            191,
            116,
            230,
            237,
            245,
            120,
            65,
            20,
            255,
            91,
            25,
            226,
            172
          ]
        }
      }
    ]
  ],
  [
    {
      "previous_output": "7dac6434ad669074a5ff991bd594b08bfbfddb30734a1a776803613e7fda5f6c:0",
      "script_sig": "4830450221008b8ed5d60669126514f2394f9e2fa535dbd54f87361327b59f9ef49e901544ba022005088b713ab18e30f51c49304fbe3427497942d5e360722742049759367f6d2301",
      "sequence": 4294967295,
      "witness": []
    },
    [
      {
        "Some": [
          253,
          239,
          107,
          65,
          66,
          253,
          110,
          90,
          134,
          76,
          126,
          52,
          108,
          181,
          160,
          239,
          8,
          155,
          156,
          205,
          127,
          65,
          148,
          236,
          6,
          140,
          223,
          147,
          138,
          135,
          147,
          96
        ]
      },
      {
        "header_code": 139414,
        "amount": 300000000,
        "spk_ty": {
          "Other": [
            65,
            4,
            30,
            85,
            19,
            83,
            223,
            214,
            255,
            98,
            43,
            225,
            242,
            236,
            188,
            220,
            201,
            108,
            154,
            206,
            16,
            152,
            122,
            11,
            60,
            122,
            252,
            197,
            47,
            36,
            199,
            116,
            51,
            5,
            250,
            164,
            41,
            134,
            92,
            130,
            218,
            147,
            111,
            40,
            158,
            48,
            49,
            35,
            118,
            14,
            196,
            55,
            12,
            115,
            200,
            161,
            178,
            13,
            103,
            26,
            221,
            151,
            199,
            23,
            167,
            63,
            172
          ]
        }
      }
    ]
  ],
  [
    {
      "previous_output": "32e0845a0d356f709a6d1c18a58daff91b39ea09b86e8a624e130c0800521ec0:1",
      "script_sig": "48304502205bcb5b8c02b1a1a9c132dfb84b9991828dd06bc13c679fa80d0dfd49ab80ec6b022100c9fb202551e9cd04a90cd7c289ebd1384e41f442fb77fc30be25c65efd5cc2250141040fc2de54fc9499a128521fe14902395272cf8fd9749d7726bcfa9ff992c792d4b84ceb5f86f69241a6213720eaef66c039206bde1125fb5ba5fc3e487a24b527",
      "sequence": 4294967295,
      "witness": []
    },
    [
      {
        "Some": [
          213,
          46,
          251,
          115,
          119,
          73,
          24,
          104,
          176,
          16,
          25,
          42,
          41,
          183,
          51,
          102,
          154,
          248,
          4,
          112,
          114,
          251,
          167,
          173,
          201,
          238,
          23,
          233,
          128,
          37,
          61,
          221
        ]
      },
      {
        "header_code": 141442,
        "amount": 179000000,
        "spk_ty": "PubKeyHash"
      }
    ]
  ],
  [
    {
      "previous_output": "4d53211974d0484289c5e49153fe66f52e31ae683c6f4043a0a3addf501c9f07:0",
      "script_sig": "49304602210090df399b66a5e13373338b68bdfc1e9481708420cacb442a84430cf9f99f573f022100ef09a4b73a532e3d5e944a409d4449200be70cbdc0acf429dae4b01999e39bc801",
      "sequence": 4294967295,
      "witness": []
    },
    [
      {
        "Some": [
          171,
          62,
          231,
          76,
          253,
          253,
          132,
          86,
          6,
          85,
          218,
          199,
          176,
          237,
          109,
          61,
          225,
          47,
          51,
          236,
          130,
          179,
          206,
          100,
          195,
          135,
          253,
          134,
          128,
          202,
          108,
          209
        ]
      },
      {
        "header_code": 91435,
        "amount": 5000000000,
        "spk_ty": {
          "Other": [
            65,
            4,
            94,
            193,
            50,
            79,
            175,
            197,
            148,
            236,
            182,
            48,
            86,
            174,
            129,
            237,
            15,
            57,
            30,
            9,
            216,
            128,
            249,
            101,
            7,
            28,
            241,
            90,
            9,
            104,
            49,
            227,
            67,
            106,
            141,
            65,
            219,
            146,
            33,
            56,
            78,
            158,
            115,
            137,
            23,
            4,
            128,
            65,
            211,
            91,
            55,
            246,
            84,
            219,
            249,
            150,
            87,
            62,
            102,
            13,
            158,
            169,
            255,
            92,
            104,
            174,
            172
          ]
        }
      }
    ]
  ]
]