[
  [
    {
      "previous_output": "0437cd7f8525ceed2324359c2d0ba26006d92d856a9c20fa0241106ee5a597c9:0",
      "script_sig": "47304402204e45e16932b8af514961a1d3a1a25fdf3f4f7732e9d624c6c61548ab5fb8cd410220181522ec8eca07de4860a4acdd12909d831cc56cbbac4622082221a8768d1d0901",
      "sequence": 4294967295,
      "witness": []
    },
    [
      {
        "Some": [
          66,
          122,
          206,
          175,
          216,
          44,
          17,
          203,
          83,
          162,
          183,
          143,
          64,
          142,
          206,
          111,
          202,
          207,
          42,
          91,
          159,
          235,
          95,
          196,
          92,
          220,
          243,
          102,
          39,
          214,
          141,
          118
        ]
      },
      {
        "header_code": 19,
        "amount": 5000000000,
        "spk_ty": {
          "Other": [
            65,
            4,
            17,
            219,
            147,
            225,
            220,
            219,
            138,
            1,
            107,
            73,
            132,
            15,
            140,
            83,
            188,
            30,
            182,
            138,
            56,
            46,
            151,
            177,
            72,
            46,
            202,
            215,
            177,
            72,
            166,
            144,
            154,
            92,
            178,
            224,
            234,
            221,
            251,
            132,
            204,
            249,
            116,
            68,
            100,
            248,
            46,
            22,
            11,
            250,
            155,
            139,
            100,
            249,
            212,
            192,
            63,
            153,
            155,
            134,
            67,
            246,
            86,
            180,
            18,
            163,
            172
          ]
        }
      }
    ]
  ]
]